0.105832	2500
0.105832	2500
0.105832	2500
0.105832	2500
0.106082	2500
0.106082	2500
0.106082	2500
0.106082	2500
0.106082	2500
0.106636	2500
0.110082	2500
0.110082	2500
0.110082	2500
0.110082	2500
0.110332	2500
0.110332	2500
0.110332	2500
0.110332	2500
0.110332	2500
0.110582	2500
0.110582	2500
0.110582	2500
0.110582	2500
0.110582	2500
0.110832	2500
0.110832	2500
0.110832	2500
0.110832	2500
0.110832	2500
0.110904	2500
0.115064	2500
0.115064	2500
0.115064	2500
0.115064	2500
0.115332	2500
0.115332	2500
0.115332	2500
0.115332	2500
0.115332	2500
0.115582	2500
0.115582	2500
0.115582	2500
0.115582	2500
0.115582	2500
0.115832	2500
0.115832	2500
0.115832	2500
0.115832	2500
0.115832	2500
0.116314	2500
0.116314	2500
0.116314	2500
0.116314	2500
0.116564	2500
0.116564	2500
0.116564	2500
0.116564	2500
0.116564	2500
0.116814	2500
0.116814	2500
0.116814	2500
0.116814	2500
0.117064	2500
0.117064	2500
0.117064	2500
0.117064	2500
0.117064	2500
0.117261	2500
0.117261	2500
0.117261	2500
0.119814	2500
0.119814	2500
0.119814	2500
0.119814	2500
0.120082	2500
0.120082	2500
0.120082	2500
0.120082	2500
0.120082	2500
0.120582	2500
0.120582	2500
0.120582	2500
0.120582	2500
0.120582	2500
0.120832	2500
0.120832	2500
0.120832	2500
0.120832	2500
0.120832	2500
0.121064	2500
0.121064	2500
0.121064	2500
0.121064	2500
0.121314	2500
0.121314	2500
0.121314	2500
0.121314	2500
0.121314	2500
0.121582	2500
0.121582	2500
0.121582	2500
0.121582	2500
0.121814	2500
0.121814	2500
0.121814	2500
0.121814	2500
0.121814	2500
0.122064	2500
0.122064	2500
0.122064	2500
0.122064	2500
0.122332	2500
0.122332	2500
0.122332	2500
0.122332	2500
0.122332	2500
0.122564	2500
0.122564	2500
0.122564	2500
0.122564	2500
0.122564	2500
0.122814	2500
0.122814	2500
0.122814	2500
0.122814	2500
0.123314	2500
0.123314	2500
0.123314	2500
0.123314	2500
0.123314	2500
0.123564	2500
0.123564	2500
0.123564	2500
0.123564	2500
0.123832	2500
0.123832	2500
0.123832	2500
0.123832	2500
0.123832	2500
0.124314	2500
0.124314	2500
0.124314	2500
0.124314	2500
0.124314	2500
0.124582	2500
0.124582	2500
0.124582	2500
0.124582	2500
0.124582	2500
0.124814	2500
0.124814	2500
0.124814	2500
0.124814	2500
0.125332	2500
0.125332	2500
0.125332	2500
0.125332	2500
0.125332	2500
0.125564	2500
0.125564	2500
0.125564	2500
0.125564	2500
0.125832	2500
0.125832	2500
0.125832	2500
0.125832	2500
0.125832	2500
0.126314	2500
0.126314	2500
0.126314	2500
0.126314	2500
0.126314	2500
0.126582	2500
0.126582	2500
0.126582	2500
0.126582	2500
0.126582	2500
0.126814	2500
0.126814	2500
0.126814	2500
0.126814	2500
0.127332	2500
0.127332	2500
0.127332	2500
0.127332	2500
0.127332	2500
0.127564	2500
0.127564	2500
0.127564	2500
0.127564	2500
0.127832	2500
0.127832	2500
0.127832	2500
0.127832	2500
0.127832	2500
0.128314	2500
0.128314	2500
0.128314	2500
0.128314	2500
0.128314	2500
0.128582	2500
0.128582	2500
0.128582	2500
0.128582	2500
0.128582	2500
0.128814	2500
0.128814	2500
0.128814	2500
0.128814	2500
0.129332	2500
0.129332	2500
0.129332	2500
0.129332	2500
0.129332	2500
0.129564	2500
0.129564	2500
0.129564	2500
0.129564	2500
0.129564	2500
0.129832	2500
0.129832	2500
0.129832	2500
0.129832	2500
0.130314	2500
0.130314	2500
0.130314	2500
0.130314	2500
0.130314	2500
0.130582	2500
0.130582	2500
0.130582	2500
0.130582	2500
0.130582	2500
0.130814	2500
0.130814	2500
0.130814	2500
0.130814	2500
0.131332	2500
0.131332	2500
0.131332	2500
0.131332	2500
0.131332	2500
0.131564	2500
0.131564	2500
0.131564	2500
0.131564	2500
0.131564	2500
0.131832	2500
0.131832	2500
0.131832	2500
0.131832	2500
0.131832	2500
0.132314	2500
0.132314	2500
0.132314	2500
0.132314	2500
0.132582	2500
0.132582	2500
0.132582	2500
0.132582	2500
0.132582	2500
0.132814	2500
0.132814	2500
0.132814	2500
0.132814	2500
0.133332	2500
0.133332	2500
0.133332	2500
0.133332	2500
0.133332	2500
0.133564	2500
0.133564	2500
0.133564	2500
0.133564	2500
0.133564	2500
0.133832	2500
0.133832	2500
0.133832	2500
0.133832	2500
0.133832	2500
0.134314	2500
0.134314	2500
0.134314	2500
0.134314	2500
0.134582	2500
0.134582	2500
0.134582	2500
0.134582	2500
0.134582	2500
0.134814	2500
0.134814	2500
0.134814	2500
0.134814	2500
0.135332	2500
0.135332	2500
0.135332	2500
0.135332	2500
0.135332	2500
0.135564	2500
0.135564	2500
0.135564	2500
0.135564	2500
0.135564	2500
0.135832	2500
0.135832	2500
0.135832	2500
0.135832	2500
0.135832	2500
0.136314	2500
0.136314	2500
0.136314	2500
0.136314	2500
0.136582	2500
0.136582	2500
0.136582	2500
0.136582	2500
0.136582	2500
0.136814	2500
0.136814	2500
0.136814	2500
0.136814	2500
0.136814	2500
0.137332	2500
0.137332	2500
0.137332	2500
0.137332	2500
0.137564	2500
0.137564	2500
0.137564	2500
0.137564	2500
0.137564	2500
0.137832	2500
0.137832	2500
0.137832	2500
0.137832	2500
0.137832	2500
0.138314	2500
0.138314	2500
0.138314	2500
0.138314	2500
0.138582	2500
0.138582	2500
0.138582	2500
0.138582	2500
0.138582	2500
0.138814	2500
0.138814	2500
0.138814	2500
0.138814	2500
0.138814	2500
0.139332	2500
0.139332	2500
0.139332	2500
0.139332	2500
0.139332	2500
0.139564	2500
0.139564	2500
0.139564	2500
0.139564	2500
0.139832	2500
0.139832	2500
0.139832	2500
0.139832	2500
0.139832	2500
0.140314	2500
0.140314	2500
0.140314	2500
0.140314	2500
0.140582	2500
0.140582	2500
0.140582	2500
0.140582	2500
0.140582	2500
0.140814	2500
0.140814	2500
0.140814	2500
0.140814	2500
0.140814	2500
0.141332	2500
0.141332	2500
0.141332	2500
0.141332	2500
0.141332	2500
0.141564	2500
0.141564	2500
0.141564	2500
0.141564	2500
0.141832	2500
0.141832	2500
0.141832	2500
0.141832	2500
0.141832	2500
0.142314	2500
0.142314	2500
0.142314	2500
0.142314	2500
0.142314	2500
0.142582	2500
0.142582	2500
0.142582	2500
0.142582	2500
0.142814	2500
0.142814	2500
0.142814	2500
0.142814	2500
0.142814	2500
0.143332	2500
0.143332	2500
0.143332	2500
0.143332	2500
0.143332	2500
0.143564	2500
0.143564	2500
0.143564	2500
0.143564	2500
0.143832	2500
0.143832	2500
0.143832	2500
0.143832	2500
0.143832	2500
0.144314	2500
0.144314	2500
0.144314	2500
0.144314	2500
0.144314	2500
0.144582	2500
0.144582	2500
0.144582	2500
0.144582	2500
0.144582	2500
0.144814	2500
0.144814	2500
0.144814	2500
0.144814	2500
0.145332	2500
0.145332	2500
0.145332	2500
0.145332	2500
0.145332	2500
0.145564	2500
0.145564	2500
0.145564	2500
0.145564	2500
0.145832	2500
0.145832	2500
0.145832	2500
0.145832	2500
0.145832	2500
0.146314	2500
0.146314	2500
0.146314	2500
0.146314	2500
0.146314	2500
0.146582	2500
0.146582	2500
0.146582	2500
0.146582	2500
0.146582	2500
0.146814	2500
0.146814	2500
0.146814	2500
0.146814	2500
0.147332	2500
0.147332	2500
0.147332	2500
0.147332	2500
0.147332	2500
0.147564	2500
0.147564	2500
0.147564	2500
0.147564	2500
0.147832	2500
0.147832	2500
0.147832	2500
0.147832	2500
0.147832	2500
0.148314	2500
0.148314	2500
0.148314	2500
0.148314	2500
0.148314	2500
0.148582	2500
0.148582	2500
0.148582	2500
0.148582	2500
0.148582	2500
0.148814	2500
0.148814	2500
0.148814	2500
0.148814	2500
0.149332	2500
0.149332	2500
0.149332	2500
0.149332	2500
0.149332	2500
0.149564	2500
0.149564	2500
0.149564	2500
0.149564	2500
0.149564	2500
0.149832	2500
0.149832	2500
0.149832	2500
0.149832	2500
0.150314	2500
0.150314	2500
0.150314	2500
0.150314	2500
0.150314	2500
0.150582	2500
0.150582	2500
0.150582	2500
0.150582	2500
0.150582	2500
0.150814	2500
0.150814	2500
0.150814	2500
0.150814	2500
0.151332	2500
0.151332	2500
0.151332	2500
0.151332	2500
0.151332	2500
0.151564	2500
0.151564	2500
0.151564	2500
0.151564	2500
0.151564	2500
0.151832	2500
0.151832	2500
0.151832	2500
0.151832	2500
0.151832	2500
0.152314	2500
0.152314	2500
0.152314	2500
0.152314	2500
0.152582	2500
0.152582	2500
0.152582	2500
0.152582	2500
0.152582	2500
0.152814	2500
0.152814	2500
0.152814	2500
0.152814	2500
0.153332	2500
0.153332	2500
0.153332	2500
0.153332	2500
0.153332	2500
0.153564	2500
0.153564	2500
0.153564	2500
0.153564	2500
0.153564	2500
0.153832	2500
0.153832	2500
0.153832	2500
0.153832	2500
0.153832	2500
0.154314	2500
0.154314	2500
0.154314	2500
0.154314	2500
0.154582	2500
0.154582	2500
0.154582	2500
0.154582	2500
0.154582	2500
0.154814	2500
0.154814	2500
0.154814	2500
0.154814	2500
0.155332	2500
0.155332	2500
0.155332	2500
0.155332	2500
0.155332	2500
0.155564	2500
0.155564	2500
0.155564	2500
0.155564	2500
0.155564	2500
0.155832	2500
0.155832	2500
0.155832	2500
0.155832	2500
0.155832	2500
0.156314	2500
0.156314	2500
0.156314	2500
0.156314	2500
0.156582	2500
0.156582	2500
0.156582	2500
0.156582	2500
0.156582	2500
0.156814	2500
0.156814	2500
0.156814	2500
0.156814	2500
0.156814	2500
0.157332	2500
0.157332	2500
0.157332	2500
0.157332	2500
0.157564	2500
0.157564	2500
0.157564	2500
0.157564	2500
0.157564	2500
0.157832	2500
0.157832	2500
0.157832	2500
0.157832	2500
0.157832	2500
0.158314	2500
0.158314	2500
0.158314	2500
0.158314	2500
0.158582	2500
0.158582	2500
0.158582	2500
0.158582	2500
0.158582	2500
0.158814	2500
0.158814	2500
0.158814	2500
0.158814	2500
0.158814	2500
0.159332	2500
0.159332	2500
0.159332	2500
0.159332	2500
0.159332	2500
0.159564	2500
0.159564	2500
0.159564	2500
0.159564	2500
0.159832	2500
0.159832	2500
0.159832	2500
0.159832	2500
0.159832	2500
0.160314	2500
0.160314	2500
0.160314	2500
0.160314	2500
0.160582	2500
0.160582	2500
0.160582	2500
0.160582	2500
0.160582	2500
0.160814	2500
0.160814	2500
0.160814	2500
0.160814	2500
0.160814	2500
0.161332	2500
0.161332	2500
0.161332	2500
0.161332	2500
0.161332	2500
0.161564	2500
0.161564	2500
0.161564	2500
0.161564	2500
0.161832	2500
0.161832	2500
0.161832	2500
0.161832	2500
0.161832	2500
0.162314	2500
0.162314	2500
0.162314	2500
0.162314	2500
0.162314	2500
0.162582	2500
0.162582	2500
0.162582	2500
0.162582	2500
0.162814	2500
0.162814	2500
0.162814	2500
0.162814	2500
0.162814	2500
0.163332	2500
0.163332	2500
0.163332	2500
0.163332	2500
0.163332	2500
0.163564	2500
0.163564	2500
0.163564	2500
0.163564	2500
0.163832	2500
0.163832	2500
0.163832	2500
0.163832	2500
0.163832	2500
0.164314	2500
0.164314	2500
0.164314	2500
0.164314	2500
0.164314	2500
0.164582	2500
0.164582	2500
0.164582	2500
0.164582	2500
0.164582	2500
0.164814	2500
0.164814	2500
0.164814	2500
0.164814	2500
0.165332	2500
0.165332	2500
0.165332	2500
0.165332	2500
0.165332	2500
0.165564	2500
0.165564	2500
0.165564	2500
0.165564	2500
0.165832	2500
0.165832	2500
0.165832	2500
0.165832	2500
0.165832	2500
0.166314	2500
0.166314	2500
0.166314	2500
0.166314	2500
0.166314	2500
0.166582	2500
0.166582	2500
0.166582	2500
0.166582	2500
0.166582	2500
0.166814	2500
0.166814	2500
0.166814	2500
0.166814	2500
0.167332	2500
0.167332	2500
0.167332	2500
0.167332	2500
0.167332	2500
0.167564	2500
0.167564	2500
0.167564	2500
0.167564	2500
0.167832	2500
0.167832	2500
0.167832	2500
0.167832	2500
0.167832	2500
0.168314	2500
0.168314	2500
0.168314	2500
0.168314	2500
0.168314	2500
0.168582	2500
0.168582	2500
0.168582	2500
0.168582	2500
0.168582	2500
0.168814	2500
0.168814	2500
0.168814	2500
0.168814	2500
0.169332	2500
0.169332	2500
0.169332	2500
0.169332	2500
0.169332	2500
0.169564	2500
0.169564	2500
0.169564	2500
0.169564	2500
0.169564	2500
0.169832	2500
0.169832	2500
0.169832	2500
0.169832	2500
0.170314	2500
0.170314	2500
0.170314	2500
0.170314	2500
0.170314	2500
0.170582	2500
0.170582	2500
0.170582	2500
0.170582	2500
0.170582	2500
0.170814	2500
0.170814	2500
0.170814	2500
0.170814	2500
0.171332	2500
0.171332	2500
0.171332	2500
0.171332	2500
0.171332	2500
0.171564	2500
0.171564	2500
0.171564	2500
0.171564	2500
0.171564	2500
0.171832	2500
0.171832	2500
0.171832	2500
0.171832	2500
0.171832	2500
0.172314	2500
0.172314	2500
0.172314	2500
0.172314	2500
0.172582	2500
0.172582	2500
0.172582	2500
0.172582	2500
0.172582	2500
0.172814	2500
0.172814	2500
0.172814	2500
0.172814	2500
0.173332	2500
0.173332	2500
0.173332	2500
0.173332	2500
0.173332	2500
0.173564	2500
0.173564	2500
0.173564	2500
0.173564	2500
0.173564	2500
0.173832	2500
0.173832	2500
0.173832	2500
0.173832	2500
0.173832	2500
0.174314	2500
0.174314	2500
0.174314	2500
0.174314	2500
0.174582	2500
0.174582	2500
0.174582	2500
0.174582	2500
0.174582	2500
0.174814	2500
0.174814	2500
0.174814	2500
0.174814	2500
0.174814	2500
0.175332	2500
0.175332	2500
0.175332	2500
0.175332	2500
0.175564	2500
0.175564	2500
0.175564	2500
0.175564	2500
0.175564	2500
0.175832	2500
0.175832	2500
0.175832	2500
0.175832	2500
0.175832	2500
0.176296	2500
0.176296	2500
0.176296	2500
0.176296	2500
0.176582	2500
0.176582	2500
0.176582	2500
0.176582	2500
0.176582	2500
0.176814	2500
0.176814	2500
0.176814	2500
0.176814	2500
0.177332	2500
0.177332	2500
0.177332	2500
0.177332	2500
0.177332	2500
0.177564	2500
0.177564	2500
0.177564	2500
0.177564	2500
0.177564	2500
0.177832	2500
0.177832	2500
0.177832	2500
0.177832	2500
0.178314	2500
0.178314	2500
0.178314	2500
0.178314	2500
0.178314	2500
0.178582	2500
0.178582	2500
0.178582	2500
0.178582	2500
0.178582	2500
0.178814	2500
0.178814	2500
0.178814	2500
0.178814	2500
0.179332	2500
0.179332	2500
0.179332	2500
0.179332	2500
0.179332	2500
0.179564	2500
0.179564	2500
0.179564	2500
0.179564	2500
0.179564	2500
0.179832	2500
0.179832	2500
0.179832	2500
0.179832	2500
0.179832	2500
0.180314	2500
0.180314	2500
0.180314	2500
0.180314	2500
0.180582	2500
0.180582	2500
0.180582	2500
0.180582	2500
0.180582	2500
0.180814	2500
0.180814	2500
0.180814	2500
0.180814	2500
0.181332	2500
0.181332	2500
0.181332	2500
0.181332	2500
0.181332	2500
0.181564	2500
0.181564	2500
0.181564	2500
0.181564	2500
0.181564	2500
0.181832	2500
0.181832	2500
0.181832	2500
0.181832	2500
0.181832	2500
0.182314	2500
0.182314	2500
0.182314	2500
0.182314	2500
0.182582	2500
0.182582	2500
0.182582	2500
0.182582	2500
0.182582	2500
0.182814	2500
0.182814	2500
0.182814	2500
0.182814	2500
0.182814	2500
0.183332	2500
0.183332	2500
0.183332	2500
0.183332	2500
0.183564	2500
0.183564	2500
0.183564	2500
0.183564	2500
0.183564	2500
0.183832	2500
0.183832	2500
0.183832	2500
0.183832	2500
0.183832	2500
0.184314	2500
0.184314	2500
0.184314	2500
0.184314	2500
0.184582	2500
0.184582	2500
0.184582	2500
0.184582	2500
0.184582	2500
0.184814	2500
0.184814	2500
0.184814	2500
0.184814	2500
0.184814	2500
0.185332	2500
0.185332	2500
0.185332	2500
0.185332	2500
0.185564	2500
0.185564	2500
0.185564	2500
0.185564	2500
0.185564	2500
0.185832	2500
0.185832	2500
0.185832	2500
0.185832	2500
0.185832	2500
0.186314	2500
0.186314	2500
0.186314	2500
0.186314	2500
0.186582	2500
0.186582	2500
0.186582	2500
0.186582	2500
0.186582	2500
0.186814	2500
0.186814	2500
0.186814	2500
0.186814	2500
0.186814	2500
0.187332	2500
0.187332	2500
0.187332	2500
0.187332	2500
0.187332	2500
0.187564	2500
0.187564	2500
0.187564	2500
0.187564	2500
0.187832	2500
0.187832	2500
0.187832	2500
0.187832	2500
0.187832	2500
0.188314	2500
0.188314	2500
0.188314	2500
0.188314	2500
0.188582	2500
0.188582	2500
0.188582	2500
0.188582	2500
0.188582	2500
0.188814	2500
0.188814	2500
0.188814	2500
0.188814	2500
0.188814	2500
0.189332	2500
0.189332	2500
0.189332	2500
0.189332	2500
0.189332	2500
0.189564	2500
0.189564	2500
0.189564	2500
0.189564	2500
0.189832	2500
0.189832	2500
0.189832	2500
0.189832	2500
0.189832	2500
0.190314	2500
0.190314	2500
0.190314	2500
0.190314	2500
0.190314	2500
0.190582	2500
0.190582	2500
0.190582	2500
0.190582	2500
0.190814	2500
0.190814	2500
0.190814	2500
0.190814	2500
0.190814	2500
0.191332	2500
0.191332	2500
0.191332	2500
0.191332	2500
0.191332	2500
0.191564	2500
0.191564	2500
0.191564	2500
0.191564	2500
0.191832	2500
0.191832	2500
0.191832	2500
0.191832	2500
0.191832	2500
0.192314	2500
0.192314	2500
0.192314	2500
0.192314	2500
0.192314	2500
0.192582	2500
0.192582	2500
0.192582	2500
0.192582	2500
0.192582	2500
0.192814	2500
0.192814	2500
0.192814	2500
0.192814	2500
0.193332	2500
0.193332	2500
0.193332	2500
0.193332	2500
0.193332	2500
0.193564	2500
0.193564	2500
0.193564	2500
0.193564	2500
0.193832	2500
0.193832	2500
0.193832	2500
0.193832	2500
0.193832	2500
0.194314	2500
0.194314	2500
0.194314	2500
0.194314	2500
0.194314	2500
0.194582	2500
0.194582	2500
0.194582	2500
0.194582	2500
0.194582	2500
0.194814	2500
0.194814	2500
0.194814	2500
0.194814	2500
0.195332	2500
0.195332	2500
0.195332	2500
0.195332	2500
0.195332	2500
0.195564	2500
0.195564	2500
0.195564	2500
0.195564	2500
0.195832	2500
0.195832	2500
0.195832	2500
0.195832	2500
0.195832	2500
0.196314	2500
0.196314	2500
0.196314	2500
0.196314	2500
0.196314	2500
0.196582	2500
0.196582	2500
0.196582	2500
0.196582	2500
0.196582	2500
0.196814	2500
0.196814	2500
0.196814	2500
0.196814	2500
0.197332	2500
0.197332	2500
0.197332	2500
0.197332	2500
0.197332	2500
0.197564	2500
0.197564	2500
0.197564	2500
0.197564	2500
0.197564	2500
0.197832	2500
0.197832	2500
0.197832	2500
0.197832	2500
0.198314	2500
0.198314	2500
0.198314	2500
0.198314	2500
0.198314	2500
0.198582	2500
0.198582	2500
0.198582	2500
0.198582	2500
0.198582	2500
0.198814	2500
0.198814	2500
0.198814	2500
0.198814	2500
0.199332	2500
0.199332	2500
0.199332	2500
0.199332	2500
0.199332	2500
0.199564	2500
0.199564	2500
0.199564	2500
0.199564	2500
0.199564	2500
0.199832	2500
0.199832	2500
0.199832	2500
0.199832	2500
0.199832	2500
0.200314	2500
0.200314	2500
0.200314	2500
0.200314	2500
0.200582	2500
0.200582	2500
0.200582	2500
0.200582	2500
0.200582	2500
0.200814	2500
0.200814	2500
0.200814	2500
0.200814	2500
0.201332	2500
0.201332	2500
0.201332	2500
0.201332	2500
0.201332	2500
0.201564	2500
0.201564	2500
0.201564	2500
0.201564	2500
0.201564	2500
0.201832	2500
0.201832	2500
0.201832	2500
0.201832	2500
0.201832	2500
0.202314	2500
0.202314	2500
0.202314	2500
0.202314	2500
0.202582	2500
0.202582	2500
0.202582	2500
0.202582	2500
0.202582	2500
0.202814	2500
0.202814	2500
0.202814	2500
0.202814	2500
0.202814	2500
0.203332	2500
0.203332	2500
0.203332	2500
0.203332	2500
0.203564	2500
0.203564	2500
0.203564	2500
0.203564	2500
0.203564	2500
0.203832	2500
0.203832	2500
0.203832	2500
0.203832	2500
0.203832	2500
0.204314	2500
0.204314	2500
0.204314	2500
0.204314	2500
0.204582	2500
0.204582	2500
0.204582	2500
0.204582	2500
0.204582	2500
0.204814	2500
0.204814	2500
0.204814	2500
0.204814	2500
0.204814	2500
0.205332	2500
0.205332	2500
0.205332	2500
0.205332	2500
0.205332	2500
0.205564	2500
0.205564	2500
0.205564	2500
0.205564	2500
0.205832	2500
0.205832	2500
0.205832	2500
0.205832	2500
0.205832	2500
0.206314	2500
0.206314	2500
0.206314	2500
0.206314	2500
0.206582	2500
0.206582	2500
0.206582	2500
0.206582	2500
0.206582	2500
0.206814	2500
0.206814	2500
0.206814	2500
0.206814	2500
0.206814	2500
0.207332	2500
0.207332	2500
0.207332	2500
0.207332	2500
0.207332	2500
0.207564	2500
0.207564	2500
0.207564	2500
0.207564	2500
0.207832	2500
0.207832	2500
0.207832	2500
0.207832	2500
0.207832	2500
0.208314	2500
0.208314	2500
0.208314	2500
0.208314	2500
0.208582	2500
0.208582	2500
0.208582	2500
0.208582	2500
0.208582	2500
0.208814	2500
0.208814	2500
0.208814	2500
0.208814	2500
0.208814	2500
0.209332	2500
0.209332	2500
0.209332	2500
0.209332	2500
0.209332	2500
0.209564	2500
0.209564	2500
0.209564	2500
0.209564	2500
0.209832	2500
0.209832	2500
0.209832	2500
0.209832	2500
0.209832	2500
0.210314	2500
0.210314	2500
0.210314	2500
0.210314	2500
0.210314	2500
0.210582	2500
0.210582	2500
0.210582	2500
0.210582	2500
0.210814	2500
0.210814	2500
0.210814	2500
0.210814	2500
0.210814	2500
0.211332	2500
0.211332	2500
0.211332	2500
0.211332	2500
0.211332	2500
0.211564	2500
0.211564	2500
0.211564	2500
0.211564	2500
0.211832	2500
0.211832	2500
0.211832	2500
0.211832	2500
0.211832	2500
0.212314	2500
0.212314	2500
0.212314	2500
0.212314	2500
0.212314	2500
0.212582	2500
0.212582	2500
0.212582	2500
0.212582	2500
0.212582	2500
0.212814	2500
0.212814	2500
0.212814	2500
0.212814	2500
0.213332	2500
0.213332	2500
0.213332	2500
0.213332	2500
0.213332	2500
0.213564	2500
0.213564	2500
0.213564	2500
0.213564	2500
0.213832	2500
0.213832	2500
0.213832	2500
0.213832	2500
0.213832	2500
0.214314	2500
0.214314	2500
0.214314	2500
0.214314	2500
0.214314	2500
0.214582	2500
0.214582	2500
0.214582	2500
0.214582	2500
0.214582	2500
0.214814	2500
0.214814	2500
0.214814	2500
0.214814	2500
0.215332	2500
0.215332	2500
0.215332	2500
0.215332	2500
0.215332	2500
0.215564	2500
0.215564	2500
0.215564	2500
0.215564	2500
0.215832	2500
0.215832	2500
0.215832	2500
0.215832	2500
0.215832	2500
0.216314	2500
0.216314	2500
0.216314	2500
0.216314	2500
0.216314	2500
0.216582	2500
0.216582	2500
0.216582	2500
0.216582	2500
0.216582	2500
0.216814	2500
0.216814	2500
0.216814	2500
0.216814	2500
0.217332	2500
0.217332	2500
0.217332	2500
0.217332	2500
0.217332	2500
0.217564	2500
0.217564	2500
0.217564	2500
0.217564	2500
0.217564	2500
0.217832	2500
0.217832	2500
0.217832	2500
0.217832	2500
0.218314	2500
0.218314	2500
0.218314	2500
0.218314	2500
0.218314	2500
0.218582	2500
0.218582	2500
0.218582	2500
0.218582	2500
0.218582	2500
0.218814	2500
0.218814	2500
0.218814	2500
0.218814	2500
0.219332	2500
0.219332	2500
0.219332	2500
0.219332	2500
0.219332	2500
0.219564	2500
0.219564	2500
0.219564	2500
0.219564	2500
0.219564	2500
0.219832	2500
0.219832	2500
0.219832	2500
0.219832	2500
0.219832	2500
0.220314	2500
0.220314	2500
0.220314	2500
0.220314	2500
0.220582	2500
0.220582	2500
0.220582	2500
0.220582	2500
0.220582	2500
0.220814	2500
0.220814	2500
0.220814	2500
0.220814	2500
0.221332	2500
0.221332	2500
0.221332	2500
0.221332	2500
0.221332	2500
0.221564	2500
0.221564	2500
0.221564	2500
0.221564	2500
0.221564	2500
0.221832	2500
0.221832	2500
0.221832	2500
0.221832	2500
0.221832	2500
0.222314	2500
0.222314	2500
0.222314	2500
0.222314	2500
0.222582	2500
0.222582	2500
0.222582	2500
0.222582	2500
0.222582	2500
0.222814	2500
0.222814	2500
0.222814	2500
0.222814	2500
0.222814	2500
0.223332	2500
0.223332	2500
0.223332	2500
0.223332	2500
0.223564	2500
0.223564	2500
0.223564	2500
0.223564	2500
0.223564	2500
0.223832	2500
0.223832	2500
0.223832	2500
0.223832	2500
0.223832	2500
0.224314	2500
0.224314	2500
0.224314	2500
0.224314	2500
0.224582	2500
0.224582	2500
0.224582	2500
0.224582	2500
0.224582	2500
0.224814	2500
0.224814	2500
0.224814	2500
0.224814	2500
0.224814	2500
0.225332	2500
0.225332	2500
0.225332	2500
0.225332	2500
0.225332	2500
0.225564	2500
0.225564	2500
0.225564	2500
0.225564	2500
0.225832	2500
0.225832	2500
0.225832	2500
0.225832	2500
0.225832	2500
0.226314	2500
0.226314	2500
0.226314	2500
0.226314	2500
0.226582	2500
0.226582	2500
0.226582	2500
0.226582	2500
0.226582	2500
0.226814	2500
0.226814	2500
0.226814	2500
0.226814	2500
0.226814	2500
0.227332	2500
0.227332	2500
0.227332	2500
0.227332	2500
0.227332	2500
0.227564	2500
0.227564	2500
0.227564	2500
0.227564	2500
0.227832	2500
0.227832	2500
0.227832	2500
0.227832	2500
0.227832	2500
0.228314	2500
0.228314	2500
0.228314	2500
0.228314	2500
0.228582	2500
0.228582	2500
0.228582	2500
0.228582	2500
0.228582	2500
0.228814	2500
0.228814	2500
0.228814	2500
0.228814	2500
0.228814	2500
0.229332	2500
0.229332	2500
0.229332	2500
0.229332	2500
0.229332	2500
0.229564	2500
0.229564	2500
0.229564	2500
0.229564	2500
0.229832	2500
0.229832	2500
0.229832	2500
0.229832	2500
0.229832	2500
0.230314	2500
0.230314	2500
0.230314	2500
0.230314	2500
0.230314	2500
0.230582	2500
0.230582	2500
0.230582	2500
0.230582	2500
0.230796	2500
0.230796	2500
0.230796	2500
0.230796	2500
0.230796	2500
0.231332	2500
0.231332	2500
0.231332	2500
0.231332	2500
0.231546	2500
0.231546	2500
0.231546	2500
0.231546	2500
0.231814	2500
0.231814	2500
0.231814	2500
0.231814	2500
0.231814	2500
0.232314	2500
0.232314	2500
0.232314	2500
0.232314	2500
0.232564	2500
0.232564	2500
0.232564	2500
0.232564	2500
0.232564	2500
0.232814	2500
0.232814	2500
0.232814	2500
0.232814	2500
0.233314	2500
0.233314	2500
0.233314	2500
0.233314	2500
0.233314	2500
0.233564	2500
0.233564	2500
0.233564	2500
0.233564	2500
0.233832	2500
0.233832	2500
0.233832	2500
0.233832	2500
0.233832	2500
0.234314	2500
0.234314	2500
0.234314	2500
0.234314	2500
0.234314	2500
0.234582	2500
0.234582	2500
0.234582	2500
0.234582	2500
0.234582	2500
0.234814	2500
0.234814	2500
0.234814	2500
0.234814	2500
0.235332	2500
0.235332	2500
0.235332	2500
0.235332	2500
0.235332	2500
0.235564	2500
0.235564	2500
0.235564	2500
0.235564	2500
0.235832	2500
0.235832	2500
0.235832	2500
0.235832	2500
0.235832	2500
0.236314	2500
0.236314	2500
0.236314	2500
0.236314	2500
0.236314	2500
0.236582	2500
0.236582	2500
0.236582	2500
0.236582	2500
0.236582	2500
0.236814	2500
0.236814	2500
0.236814	2500
0.236814	2500
0.237332	2500
0.237332	2500
0.237332	2500
0.237332	2500
0.237332	2500
0.237564	2500
0.237564	2500
0.237564	2500
0.237564	2500
0.237564	2500
0.237832	2500
0.237832	2500
0.237832	2500
0.237832	2500
0.238314	2500
0.238314	2500
0.238314	2500
0.238314	2500
0.238314	2500
0.238582	2500
0.238582	2500
0.238582	2500
0.238582	2500
0.238582	2500
0.238814	2500
0.238814	2500
0.238814	2500
0.238814	2500
0.239332	2500
0.239332	2500
0.239332	2500
0.239332	2500
0.239332	2500
0.239564	2500
0.239564	2500
0.239564	2500
0.239564	2500
0.239564	2500
0.239832	2500
0.239832	2500
0.239832	2500
0.239832	2500
0.239832	2500
0.240314	2500
0.240314	2500
0.240314	2500
0.240314	2500
0.240582	2500
0.240582	2500
0.240582	2500
0.240582	2500
0.240582	2500
0.240814	2500
0.240814	2500
0.240814	2500
0.240814	2500
0.241332	2500
0.241332	2500
0.241332	2500
0.241332	2500
0.241332	2500
0.241564	2500
0.241564	2500
0.241564	2500
0.241564	2500
0.241564	2500
0.241832	2500
0.241832	2500
0.241832	2500
0.241832	2500
0.241832	2500
0.242314	2500
0.242314	2500
0.242314	2500
0.242314	2500
0.242582	2500
0.242582	2500
0.242582	2500
0.242582	2500
0.242582	2500
0.242814	2500
0.242814	2500
0.242814	2500
0.242814	2500
0.243332	2500
0.243332	2500
0.243332	2500
0.243332	2500
0.243332	2500
0.243564	2500
0.243564	2500
0.243564	2500
0.243564	2500
0.243564	2500
0.243832	2500
0.243832	2500
0.243832	2500
0.243832	2500
0.243832	2500
0.244314	2500
0.244314	2500
0.244314	2500
0.244314	2500
0.244582	2500
0.244582	2500
0.244582	2500
0.244582	2500
0.244582	2500
0.244814	2500
0.244814	2500
0.244814	2500
0.244814	2500
0.244814	2500
0.245332	2500
0.245332	2500
0.245332	2500
0.245332	2500
0.245564	2500
0.245564	2500
0.245564	2500
0.245564	2500
0.245564	2500
0.245832	2500
0.245832	2500
0.245832	2500
0.245832	2500
0.245832	2500
0.246314	2500
0.246314	2500
0.246314	2500
0.246314	2500
0.246582	2500
0.246582	2500
0.246582	2500
0.246582	2500
0.246582	2500
0.246814	2500
0.246814	2500
0.246814	2500
0.246814	2500
0.246814	2500
0.247332	2500
0.247332	2500
0.247332	2500
0.247332	2500
0.247332	2500
0.247564	2500
0.247564	2500
0.247564	2500
0.247564	2500
0.247832	2500
0.247832	2500
0.247832	2500
0.247832	2500
0.247832	2500
0.248314	2500
0.248314	2500
0.248314	2500
0.248314	2500
0.248582	2500
0.248582	2500
0.248582	2500
0.248582	2500
0.248582	2500
0.248814	2500
0.248814	2500
0.248814	2500
0.248814	2500
0.248814	2500
0.249332	2500
0.249332	2500
0.249332	2500
0.249332	2500
0.249332	2500
0.249546	2500
0.249546	2500
0.249546	2500
0.249546	2500
0.249832	2500
0.249832	2500
0.249832	2500
0.249832	2500
0.249832	2500
0.250314	2500
0.250314	2500
0.250314	2500
0.250314	2500
0.250582	2500
0.250582	2500
0.250582	2500
0.250582	2500
0.250582	2500
0.250814	2500
0.250814	2500
0.250814	2500
0.250814	2500
0.251332	2500
0.251332	2500
0.251332	2500
0.251332	2500
0.251332	2500
0.251564	2500
0.251564	2500
0.251564	2500
0.251564	2500
0.251564	2500
0.251832	2500
0.251832	2500
0.251832	2500
0.251832	2500
0.251832	2500
0.252314	2500
0.252314	2500
0.252314	2500
0.252314	2500
0.252582	2500
0.252582	2500
0.252582	2500
0.252582	2500
0.252582	2500
0.252814	2500
0.252814	2500
0.252814	2500
0.252814	2500
0.252814	2500
0.253332	2500
0.253332	2500
0.253332	2500
0.253332	2500
0.253564	2500
0.253564	2500
0.253564	2500
0.253564	2500
0.253564	2500
0.253832	2500
0.253832	2500
0.253832	2500
0.253832	2500
0.253832	2500
0.254314	2500
0.254314	2500
0.254314	2500
0.254314	2500
0.254582	2500
0.254582	2500
0.254582	2500
0.254582	2500
0.254582	2500
0.254814	2500
0.254814	2500
0.254814	2500
0.254814	2500
0.254814	2500
0.255332	2500
0.255332	2500
0.255332	2500
0.255332	2500
0.255332	2500
0.255564	2500
0.255564	2500
0.255564	2500
0.255564	2500
0.255832	2500
0.255832	2500
0.255832	2500
0.255832	2500
0.255832	2500
0.256314	2500
0.256314	2500
0.256314	2500
0.256314	2500
0.256582	2500
0.256582	2500
0.256582	2500
0.256582	2500
0.256582	2500
0.256814	2500
0.256814	2500
0.256814	2500
0.256814	2500
0.256814	2500
0.257332	2500
0.257332	2500
0.257332	2500
0.257332	2500
0.257332	2500
0.257564	2500
0.257564	2500
0.257564	2500
0.257564	2500
0.257832	2500
0.257832	2500
0.257832	2500
0.257832	2500
0.257832	2500
0.258314	2500
0.258314	2500
0.258314	2500
0.258314	2500
0.258314	2500
0.258582	2500
0.258582	2500
0.258582	2500
0.258582	2500
0.258814	2500
0.258814	2500
0.258814	2500
0.258814	2500
0.258814	2500
0.259332	2500
0.259332	2500
0.259332	2500
0.259332	2500
0.259332	2500
0.259564	2500
0.259564	2500
0.259564	2500
0.259564	2500
0.259832	2500
0.259832	2500
0.259832	2500
0.259832	2500
0.259832	2500
0.260314	2500
0.260314	2500
0.260314	2500
0.260314	2500
0.260314	2500
0.260582	2500
0.260582	2500
0.260582	2500
0.260582	2500
0.260582	2500
0.260814	2500
0.260814	2500
0.260814	2500
0.260814	2500
0.261332	2500
0.261332	2500
0.261332	2500
0.261332	2500
0.261332	2500
0.261564	2500
0.261564	2500
0.261564	2500
0.261564	2500
0.261832	2500
0.261832	2500
0.261832	2500
0.261832	2500
0.261832	2500
0.262314	2500
0.262314	2500
0.262314	2500
0.262314	2500
0.262314	2500
0.262582	2500
0.262582	2500
0.262582	2500
0.262582	2500
0.262582	2500
0.262814	2500
0.262814	2500
0.262814	2500
0.262814	2500
0.263332	2500
0.263332	2500
0.263332	2500
0.263332	2500
0.263332	2500
0.263564	2500
0.263564	2500
0.263564	2500
0.263564	2500
0.263832	2500
0.263832	2500
0.263832	2500
0.263832	2500
0.263832	2500
0.264314	2500
0.264314	2500
0.264314	2500
0.264314	2500
0.264314	2500
0.264582	2500
0.264582	2500
0.264582	2500
0.264582	2500
0.264582	2500
0.264814	2500
0.264814	2500
0.264814	2500
0.264814	2500
0.265332	2500
0.265332	2500
0.265332	2500
0.265332	2500
0.265332	2500
0.265564	2500
0.265564	2500
0.265564	2500
0.265564	2500
0.265564	2500
0.265832	2500
0.265832	2500
0.265832	2500
0.265832	2500
0.266314	2500
0.266314	2500
0.266314	2500
0.266314	2500
0.266314	2500
0.266582	2500
0.266582	2500
0.266582	2500
0.266582	2500
0.266582	2500
0.266814	2500
0.266814	2500
0.266814	2500
0.266814	2500
0.267332	2500
0.267332	2500
0.267332	2500
0.267332	2500
0.267332	2500
0.267564	2500
0.267564	2500
0.267564	2500
0.267564	2500
0.267564	2500
0.267832	2500
0.267832	2500
0.267832	2500
0.267832	2500
0.267832	2500
0.268314	2500
0.268314	2500
0.268314	2500
0.268314	2500
0.268582	2500
0.268582	2500
0.268582	2500
0.268582	2500
0.268582	2500
0.268814	2500
0.268814	2500
0.268814	2500
0.268814	2500
0.269332	2500
0.269332	2500
0.269332	2500
0.269332	2500
0.269332	2500
0.269564	2500
0.269564	2500
0.269564	2500
0.269564	2500
0.269564	2500
0.269832	2500
0.269832	2500
0.269832	2500
0.269832	2500
0.269832	2500
0.270314	2500
0.270314	2500
0.270314	2500
0.270314	2500
0.270582	2500
0.270582	2500
0.270582	2500
0.270582	2500
0.270582	2500
0.270814	2500
0.270814	2500
0.270814	2500
0.270814	2500
0.270814	2500
0.271332	2500
0.271332	2500
0.271332	2500
0.271332	2500
0.271564	2500
0.271564	2500
0.271564	2500
0.271564	2500
0.271564	2500
0.271832	2500
0.271832	2500
0.271832	2500
0.271832	2500
0.271832	2500
0.272314	2500
0.272314	2500
0.272314	2500
0.272314	2500
0.272582	2500
0.272582	2500
0.272582	2500
0.272582	2500
0.272582	2500
0.272814	2500
0.272814	2500
0.272814	2500
0.272814	2500
0.272814	2500
0.273332	2500
0.273332	2500
0.273332	2500
0.273332	2500
0.273564	2500
0.273564	2500
0.273564	2500
0.273564	2500
0.273564	2500
0.273832	2500
0.273832	2500
0.273832	2500
0.273832	2500
0.273832	2500
0.274314	2500
0.274314	2500
0.274314	2500
0.274314	2500
0.274582	2500
0.274582	2500
0.274582	2500
0.274582	2500
0.274582	2500
0.274814	2500
0.274814	2500
0.274814	2500
0.274814	2500
0.274814	2500
0.275332	2500
0.275332	2500
0.275332	2500
0.275332	2500
0.275332	2500
0.275564	2500
0.275564	2500
0.275564	2500
0.275564	2500
0.275832	2500
0.275832	2500
0.275832	2500
0.275832	2500
0.275832	2500
0.276314	2500
0.276314	2500
0.276314	2500
0.276314	2500
0.276582	2500
0.276582	2500
0.276582	2500
0.276582	2500
0.276582	2500
0.276814	2500
0.276814	2500
0.276814	2500
0.276814	2500
0.276814	2500
0.277332	2500
0.277332	2500
0.277332	2500
0.277332	2500
0.277332	2500
0.277564	2500
0.277564	2500
0.277564	2500
0.277564	2500
0.277832	2500
0.277832	2500
0.277832	2500
0.277832	2500
0.277832	2500
0.278314	2500
0.278314	2500
0.278314	2500
0.278314	2500
0.278314	2500
0.278582	2500
0.278582	2500
0.278582	2500
0.278582	2500
