0.103939	0	0.003
0.107886	0.003	0.003125
0.107886	0.003125	0.00323437
0.107886	0.00323437	0.00333008
0.107886	0.00333008	0.00341382
0.107886	0.00341382	0.00348709
0.107886	0.00348709	0.0035512
0.107886	0.0035512	0.0036073
0.107886	0.0036073	0.00365639
0.107886	0.00365639	0.00369934
0.108136	0.00369934	0.00386192
0.113064	0.00386192	0.00412918
0.113064	0.00412918	0.00436303
0.113065	0.00436303	0.00456765
0.113065	0.00456765	0.0047467
0.113065	0.0047467	0.00490336
0.113065	0.00490336	0.00504044
0.113065	0.00504044	0.00516038
0.113065	0.00516038	0.00526534
0.113065	0.00526534	0.00535717
0.113065	0.00535717	0.00543752
0.113065	0.00543752	0.00550783
0.113065	0.00550783	0.00556935
0.113065	0.00556935	0.00562318
0.113065	0.00562318	0.00567028
0.113332	0.00567028	0.0057115
0.113332	0.0057115	0.00574756
0.113332	0.00574756	0.00577911
0.113332	0.00577911	0.00580673
0.113333	0.00580673	0.00570588
0.113333	0.00570588	0.00561765
0.117332	0.00561765	0.00541544
0.117332	0.00541544	0.00523851
0.117332	0.00523851	0.0050837
0.117332	0.0050837	0.00494823
0.117333	0.00494823	0.0048297
0.117333	0.0048297	0.00472599
0.117333	0.00472599	0.00463524
0.117333	0.00463524	0.00455584
0.117333	0.00455584	0.00448636
0.117333	0.00448636	0.00442556
0.117333	0.00442556	0.00437236
0.117333	0.00437236	0.00432582
0.117333	0.00432582	0.00428509
0.117333	0.00428509	0.00424945
0.117582	0.00424945	0.00421827
0.117582	0.00421827	0.00419099
0.117582	0.00419099	0.00416711
0.117582	0.00416711	0.00414622
0.117583	0.00414622	0.00412795
0.118082	0.00412795	0.00423695
0.118082	0.00423695	0.00433233
0.118082	0.00433233	0.00441579
0.118082	0.00441579	0.00448882
0.118386	0.00448882	0.00455271
0.118386	0.00455271	0.00460862
0.118386	0.00460862	0.00465755
0.118386	0.00465755	0.00470035
0.118386	0.00470035	0.00473781
0.118386	0.00473781	0.00477058
0.118386	0.00477058	0.00479926
0.118386	0.00479926	0.00482435
0.118386	0.00482435	0.00484631
0.118636	0.00484631	0.00486552
0.118636	0.00486552	0.00488233
0.118636	0.00488233	0.00489704
0.118636	0.00489704	0.00490991
0.118636	0.00490991	0.00492117
0.118636	0.00492117	0.00493102
0.118636	0.00493102	0.00493964
0.118636	0.00493964	0.00494719
0.122082	0.00494719	0.00495379
0.122082	0.00495379	0.00495956
0.122082	0.00495956	0.00496462
0.122082	0.00496462	0.00496904
0.122083	0.00496904	0.00497291
0.122083	0.00497291	0.0049763
0.122083	0.0049763	0.00497926
0.122083	0.00497926	0.00498185
0.122083	0.00498185	0.00498412
0.122332	0.00498412	0.0049861
0.122332	0.0049861	0.00498784
0.122332	0.00498784	0.00498936
0.122332	0.00498936	0.00499069
0.122333	0.00499069	0.00499185
0.122832	0.00499185	0.00499287
0.122832	0.00499287	0.00499376
0.122832	0.00499376	0.00499454
0.122832	0.00499454	0.00499522
0.122833	0.00499522	0.00499582
0.122833	0.00499582	0.00499634
0.122833	0.00499634	0.0049968
0.122833	0.0049968	0.0049972
0.122833	0.0049972	0.00499755
0.123582	0.00499755	0.00512285
0.123582	0.00512285	0.0052325
0.123582	0.0052325	0.00532844
0.123582	0.00532844	0.00541238
0.123583	0.00541238	0.00548583
0.123583	0.00548583	0.0055501
0.123583	0.0055501	0.00560634
0.123583	0.00560634	0.00565555
0.123583	0.00565555	0.0056986
0.123583	0.0056986	0.00573628
0.123583	0.00573628	0.00576924
0.123583	0.00576924	0.00579809
0.123583	0.00579809	0.00582332
0.123583	0.00582332	0.00584541
0.123832	0.00584541	0.00586473
0.123832	0.00586473	0.00575664
0.123832	0.00575664	0.00566206
0.123832	0.00566206	0.0055793
0.124332	0.0055793	0.00563189
0.124332	0.00563189	0.0056779
0.124332	0.0056779	0.00571816
0.124332	0.00571816	0.00575339
0.124333	0.00575339	0.00578422
0.124333	0.00578422	0.00581119
0.124333	0.00581119	0.00583479
0.124333	0.00583479	0.00585544
0.124333	0.00585544	0.00587351
0.124333	0.00587351	0.00588932
0.124582	0.00588932	0.00590316
0.124582	0.00590316	0.00591526
0.124582	0.00591526	0.00592585
0.124582	0.00592585	0.00593512
0.125082	0.00593512	0.00606823
0.125082	0.00606823	0.0061847
0.125082	0.0061847	0.00628661
0.125082	0.00628661	0.00637579
0.125083	0.00637579	0.00645381
0.125832	0.00645381	0.00652209
0.125832	0.00652209	0.00658182
0.125832	0.00658182	0.0066341
0.125832	0.0066341	0.00667983
0.125833	0.00667983	0.00671985
0.125833	0.00671985	0.00675487
0.125833	0.00675487	0.00678551
0.125833	0.00678551	0.00681232
0.125833	0.00681232	0.00683578
0.126582	0.00683578	0.00698131
0.126582	0.00698131	0.00710865
0.126582	0.00710865	0.00722006
0.126582	0.00722006	0.00731756
0.126583	0.00731756	0.00740286
0.126583	0.00740286	0.0074775
0.126583	0.0074775	0.00754281
0.126583	0.00754281	0.00759996
0.126583	0.00759996	0.00764997
0.126583	0.00764997	0.00769372
0.126583	0.00769372	0.00773201
0.126583	0.00773201	0.0072655
0.126583	0.0072655	0.00685732
0.126583	0.00685732	0.00650015
0.127082	0.00650015	0.00631263
0.127082	0.00631263	0.00614855
0.127082	0.00614855	0.00600498
0.127082	0.00600498	0.00587936
0.127083	0.00587936	0.00576944
0.127332	0.00576944	0.00567326
0.127332	0.00567326	0.0055891
0.127332	0.0055891	0.00551546
0.127332	0.00551546	0.00545103
0.128582	0.00545103	0.00551965
0.128582	0.00551965	0.00557969
0.128582	0.00557969	0.00563223
0.128582	0.00563223	0.0056782
0.128583	0.0056782	0.00571843
0.128583	0.00571843	0.00575362
0.128583	0.00575362	0.00578442
0.128583	0.00578442	0.00581137
0.128583	0.00581137	0.00583495
0.128583	0.00583495	0.00585558
0.128583	0.00585558	0.00587363
0.128583	0.00587363	0.00588943
0.128583	0.00588943	0.00590325
0.128583	0.00590325	0.00591534
0.128583	0.00591534	0.00592592
0.128583	0.00592592	0.00593518
0.128583	0.00593518	0.00594328
0.128583	0.00594328	0.00595037
0.129082	0.00595037	0.00608157
0.129082	0.00608157	0.00619638
0.129082	0.00619638	0.00629683
0.129082	0.00629683	0.00638473
0.129083	0.00638473	0.00646164
0.129083	0.00646164	0.00652893
0.129332	0.00652893	0.00658781
0.129332	0.00658781	0.00663934
0.129332	0.00663934	0.00668442
0.129332	0.00668442	0.00672387
0.129832	0.00672387	0.00675838
0.129832	0.00675838	0.00678858
0.129832	0.00678858	0.00681501
0.129832	0.00681501	0.00683813
0.129833	0.00683813	0.00685837
0.130582	0.00685837	0.00700107
0.130582	0.00700107	0.00700094
0.130582	0.00700094	0.00700082
0.130582	0.00700082	0.00700072
0.130583	0.00700072	0.00700063
0.130583	0.00700063	0.00700055
0.130583	0.00700055	0.00700048
0.130583	0.00700048	0.00700042
0.130583	0.00700042	0.00700036
0.130583	0.00700036	0.00700032
0.130583	0.00700032	0.00700028
0.130583	0.00700028	0.00700024
0.130583	0.00700024	0.00700021
0.130583	0.00700021	0.00700019
0.131082	0.00700019	0.00712516
0.131082	0.00712516	0.00723452
0.131082	0.00723452	0.0073302
0.131082	0.0073302	0.00741393
0.131083	0.00741393	0.00748718
0.131332	0.00748718	0.00755129
0.131332	0.00755129	0.00760737
0.131332	0.00760737	0.00765645
0.131332	0.00765645	0.0076994
0.131333	0.0076994	0.00773697
0.132582	0.00773697	0.00789485
0.132582	0.00789485	0.00803299
0.132582	0.00803299	0.00815387
0.132582	0.00815387	0.00825963
0.132583	0.00825963	0.00835218
0.132583	0.00835218	0.00843316
0.132583	0.00843316	0.00850401
0.132583	0.00850401	0.00856601
0.132583	0.00856601	0.00862026
0.132583	0.00862026	0.00866772
0.132583	0.00866772	0.00870926
0.132583	0.00870926	0.0087456
0.132583	0.0087456	0.0087774
0.132583	0.0087774	0.00868022
0.132583	0.00868022	0.0085952
0.132583	0.0085952	0.0085208
0.132583	0.0085208	0.0084557
0.132583	0.0084557	0.00839873
0.133082	0.00839873	0.00847389
0.133082	0.00847389	0.00853966
0.133082	0.00853966	0.0085972
0.133082	0.0085972	0.00864755
0.133083	0.00864755	0.0086916
0.133332	0.0086916	0.00873015
0.133332	0.00873015	0.00876388
0.133332	0.00876388	0.0087934
0.133332	0.0087934	0.00881922
0.133333	0.00881922	0.00884182
0.133832	0.00884182	0.00886159
0.133832	0.00886159	0.00887889
0.133832	0.00887889	0.00889403
0.133832	0.00889403	0.00890728
0.133833	0.00890728	0.00891887
0.134582	0.00891887	0.00905401
0.134582	0.00905401	0.00917226
0.134582	0.00917226	0.00927572
0.134582	0.00927572	0.00936626
0.134583	0.00936626	0.00944548
0.134583	0.00944548	0.00951479
0.134583	0.00951479	0.00957544
0.134583	0.00957544	0.00962851
0.134583	0.00962851	0.00954995
0.134583	0.00954995	0.0094812
0.134583	0.0094812	0.00942105
0.134583	0.00942105	0.00936842
0.134583	0.00936842	0.00932237
0.135082	0.00932237	0.00940707
0.135082	0.00940707	0.00948119
0.135082	0.00948119	0.00954604
0.135082	0.00954604	0.00960278
0.135083	0.00960278	0.00965243
0.135332	0.00965243	0.00969588
0.135332	0.00969588	0.00973389
0.135332	0.00973389	0.00976716
0.135332	0.00976716	0.00979626
0.135333	0.00979626	0.00982173
0.136582	0.00982173	0.00996901
0.136582	0.00996901	0.0100979
0.136582	0.0100979	0.0102106
0.136582	0.0102106	0.0103093
0.136583	0.0103093	0.0102707
0.136583	0.0102707	0.0102368
0.136583	0.0102368	0.0102072
0.136583	0.0102072	0.0101813
0.136583	0.0101813	0.0101586
0.136583	0.0101586	0.0101388
0.136583	0.0101388	0.0101215
0.136583	0.0101215	0.0101063
0.136583	0.0101063	0.010093
0.136583	0.010093	0.0100814
0.136583	0.0100814	0.0100712
0.136583	0.0100712	0.0100623
0.136583	0.0100623	0.0100545
0.136583	0.0100545	0.0100477
0.137082	0.0100477	0.0101667
0.137082	0.0101667	0.0101459
0.137082	0.0101459	0.0101277
0.137082	0.0101277	0.0101117
0.137083	0.0101117	0.0100977
0.137332	0.0100977	0.0100855
0.137332	0.0100855	0.0100748
0.137332	0.0100748	0.0100655
0.137332	0.0100655	0.0100573
0.137333	0.0100573	0.0100501
0.137832	0.0100501	0.00991886
0.137832	0.00991886	0.009804
0.137832	0.009804	0.0097035
0.137832	0.0097035	0.00961556
0.137833	0.00961556	0.00953862
0.138582	0.00953862	0.00959629
0.138582	0.00959629	0.00964675
0.138582	0.00964675	0.00969091
0.138582	0.00969091	0.00972954
0.138583	0.00972954	0.00976335
0.138583	0.00976335	0.00979293
0.138583	0.00979293	0.00981881
0.138583	0.00981881	0.00984146
0.138583	0.00984146	0.00986128
0.138583	0.00986128	0.00987862
0.138583	0.00987862	0.00989379
0.138583	0.00989379	0.00990707
0.138583	0.00990707	0.00991868
0.138583	0.00991868	0.00992885
0.139082	0.00992885	0.00993774
0.139082	0.00993774	0.00994552
0.139082	0.00994552	0.00995233
0.139082	0.00995233	0.00995829
0.139332	0.00995829	0.0099635
0.139332	0.0099635	0.00996807
0.139332	0.00996807	0.00997206
0.139332	0.00997206	0.00997555
0.139333	0.00997555	0.0099786
0.140582	0.0099786	0.0101063
0.140582	0.0101063	0.010218
0.140582	0.010218	0.0103157
0.140582	0.0103157	0.0104013
0.140583	0.0104013	0.0104761
0.140583	0.0104761	0.0105416
0.140583	0.0105416	0.0105989
0.140583	0.0105989	0.010524
0.140583	0.010524	0.0104585
0.140583	0.0104585	0.0104012
0.140583	0.0104012	0.0103511
0.140583	0.0103511	0.0103072
0.140583	0.0103072	0.0102688
0.140583	0.0102688	0.0102352
0.140583	0.0102352	0.0102058
0.140583	0.0102058	0.0101801
0.140583	0.0101801	0.0101576
0.140583	0.0101576	0.0101379
0.141082	0.0101379	0.0102456
0.141082	0.0102456	0.0103399
0.141082	0.0103399	0.0104224
0.141082	0.0104224	0.0103696
0.141083	0.0103696	0.0103234
0.141083	0.0103234	0.010283
0.141332	0.010283	0.0102476
0.141332	0.0102476	0.0102167
0.141332	0.0102167	0.0101896
0.141332	0.0101896	0.0101659
0.141832	0.0101659	0.0101451
0.141832	0.0101451	0.010127
0.141832	0.010127	0.0101111
0.141832	0.0101111	0.0100972
0.141833	0.0100972	0.00996008
0.142582	0.00996008	0.00996507
0.142582	0.00996507	0.00996944
0.142582	0.00996944	0.00997326
0.142582	0.00997326	0.0099766
0.142583	0.0099766	0.00997952
0.142583	0.00997952	0.00998208
0.142583	0.00998208	0.00998432
0.142583	0.00998432	0.00998628
0.142583	0.00998628	0.00998799
0.142583	0.00998799	0.00998949
0.142583	0.00998949	0.00999081
0.142583	0.00999081	0.00999196
0.142583	0.00999196	0.00999296
0.142583	0.00999296	0.00999384
0.143082	0.00999384	0.0101196
0.143082	0.0101196	0.0102297
0.143082	0.0102297	0.010326
0.143082	0.010326	0.0104102
0.143083	0.0104102	0.0103589
0.143332	0.0103589	0.0103141
0.143332	0.0103141	0.0102748
0.143332	0.0102748	0.0102405
0.143332	0.0102405	0.0102104
0.144582	0.0102104	0.0103091
0.144582	0.0103091	0.0103955
0.144582	0.0103955	0.010471
0.144582	0.010471	0.0105371
0.144583	0.0105371	0.010595
0.144583	0.010595	0.0106456
0.144583	0.0106456	0.0106899
0.144583	0.0106899	0.0107287
0.144583	0.0107287	0.0107626
0.144583	0.0107626	0.0107923
0.144583	0.0107923	0.0108182
0.144583	0.0108182	0.010716
0.144583	0.010716	0.0106265
0.144583	0.0106265	0.0105482
0.144583	0.0105482	0.0104796
0.144583	0.0104796	0.0104197
0.144583	0.0104197	0.0103672
0.144583	0.0103672	0.0103213
0.145082	0.0103213	0.0104062
0.145082	0.0104062	0.0104804
0.145082	0.0104804	0.0105453
0.145082	0.0105453	0.0106022
0.145083	0.0106022	0.0106519
0.145083	0.0106519	0.0106954
0.145332	0.0106954	0.0106085
0.145332	0.0106085	0.0105324
0.145332	0.0105324	0.0104659
0.145332	0.0104659	0.0104076
0.145832	0.0104076	0.0103567
0.145832	0.0103567	0.0103121
0.145832	0.0103121	0.0102731
0.145832	0.0102731	0.0102389
0.145833	0.0102389	0.0102091
0.146582	0.0102091	0.0103079
0.146582	0.0103079	0.0103944
0.146582	0.0103944	0.0103451
0.146582	0.0103451	0.010302
0.146583	0.010302	0.0102642
0.146583	0.0102642	0.0102312
0.146583	0.0102312	0.0102023
0.146583	0.0102023	0.010177
0.146583	0.010177	0.0101549
0.146583	0.0101549	0.0101355
0.146583	0.0101355	0.0101186
0.146583	0.0101186	0.0101038
0.146583	0.0101038	0.0100908
0.146583	0.0100908	0.0100794
0.147082	0.0100794	0.0101945
0.147082	0.0101945	0.0102952
0.147082	0.0102952	0.0103833
0.147082	0.0103833	0.0104604
0.147083	0.0104604	0.0105278
0.147332	0.0105278	0.0105869
0.147332	0.0105869	0.0106385
0.147332	0.0106385	0.0105587
0.147332	0.0105587	0.0104889
0.148582	0.0104889	0.0105527
0.148582	0.0105527	0.0106087
0.148582	0.0106087	0.0106576
0.148582	0.0106576	0.0107004
0.148583	0.0107004	0.0107378
0.148583	0.0107378	0.0107706
0.148583	0.0107706	0.0107993
0.148583	0.0107993	0.0108244
0.148583	0.0108244	0.0108463
0.148583	0.0108463	0.0108655
0.148583	0.0108655	0.0108823
0.148583	0.0108823	0.010897
0.148583	0.010897	0.0109099
0.148583	0.0109099	0.0107962
0.148583	0.0107962	0.0106967
0.148583	0.0106967	0.0106096
0.148583	0.0106096	0.0105334
0.148583	0.0105334	0.0104667
0.149082	0.0104667	0.0105334
0.149082	0.0105334	0.0105917
0.149082	0.0105917	0.0106427
0.149082	0.0106427	0.0106874
0.149083	0.0106874	0.0107265
0.149083	0.0107265	0.0107607
0.149332	0.0107607	0.0107906
0.149332	0.0107906	0.0108168
0.149332	0.0108168	0.0108397
0.149332	0.0108397	0.0108597
0.149832	0.0108597	0.0107522
0.149832	0.0107522	0.0106582
0.149832	0.0106582	0.0105759
0.149832	0.0105759	0.0105039
0.149833	0.0105039	0.0104409
0.150582	0.0104409	0.0105108
0.150582	0.0105108	0.010572
0.150582	0.010572	0.0106255
0.150582	0.0106255	0.0106723
0.150583	0.0106723	0.0107133
0.150583	0.0107133	0.0106241
0.150583	0.0106241	0.0105461
0.150583	0.0105461	0.0104778
0.150583	0.0104778	0.0104181
0.150583	0.0104181	0.0103658
0.150583	0.0103658	0.0103201
0.150583	0.0103201	0.0102801
0.150583	0.0102801	0.0102451
0.150583	0.0102451	0.0102144
0.151082	0.0102144	0.0103126
0.151082	0.0103126	0.0103986
0.151082	0.0103986	0.0104737
0.151082	0.0104737	0.0105395
0.151083	0.0105395	0.0105971
0.151332	0.0105971	0.0106474
0.151332	0.0106474	0.0106915
0.151332	0.0106915	0.0107301
0.151332	0.0107301	0.0107638
0.151333	0.0107638	0.0106683
0.152582	0.0106683	0.0107098
0.152582	0.0107098	0.0107461
0.152582	0.0107461	0.0107778
0.152582	0.0107778	0.0108056
0.152583	0.0108056	0.0108299
0.152583	0.0108299	0.0108511
0.152583	0.0108511	0.0108698
0.152583	0.0108698	0.010886
0.152583	0.010886	0.0109003
0.152583	0.0109003	0.0109127
0.152583	0.0109127	0.0109237
0.152583	0.0109237	0.0109332
0.152583	0.0109332	0.0109415
0.152583	0.0109415	0.0109489
0.152583	0.0109489	0.0109552
0.152583	0.0109552	0.0108358
0.152583	0.0108358	0.0107314
0.152583	0.0107314	0.0106399
0.153082	0.0106399	0.0106849
0.153082	0.0106849	0.0107243
0.153082	0.0107243	0.0107588
0.153082	0.0107588	0.0107889
0.153083	0.0107889	0.0108153
0.153332	0.0108153	0.0108384
0.153332	0.0108384	0.0108586
0.153332	0.0108586	0.0108763
0.153332	0.0108763	0.0108917
0.153333	0.0108917	0.0109053
0.153832	0.0109053	0.0109171
0.153832	0.0109171	0.0109275
0.153832	0.0109275	0.0108115
0.153832	0.0108115	0.0107101
0.153833	0.0107101	0.0106213
0.154582	0.0106213	0.0106687
0.154582	0.0106687	0.0107101
0.154582	0.0107101	0.0107463
0.154582	0.0107463	0.010778
0.154583	0.010778	0.0108058
0.154583	0.0108058	0.0108301
0.154583	0.0108301	0.0107263
0.154583	0.0107263	0.0106355
0.154583	0.0106355	0.0105561
0.154583	0.0105561	0.0104866
0.154583	0.0104866	0.0104257
0.154583	0.0104257	0.0103725
0.154583	0.0103725	0.010326
0.155082	0.010326	0.0104102
0.155082	0.0104102	0.0104839
0.155082	0.0104839	0.0105484
0.155082	0.0105484	0.0106049
0.155083	0.0106049	0.0106543
0.155332	0.0106543	0.0106975
0.155332	0.0106975	0.0107353
0.155332	0.0107353	0.0107684
0.155332	0.0107684	0.0107973
0.155333	0.0107973	0.0108227
0.156582	0.0108227	0.0109698
0.156582	0.0109698	0.0110986
0.156582	0.0110986	0.0110863
0.156582	0.0110863	0.0110755
0.156583	0.0110755	0.0110661
0.156583	0.0110661	0.0110578
0.156583	0.0110578	0.0110506
0.156583	0.0110506	0.0110443
0.156583	0.0110443	0.0110387
0.156583	0.0110387	0.0110339
0.156583	0.0110339	0.0110296
0.156583	0.0110296	0.0110259
0.156583	0.0110259	0.0110227
0.156583	0.0110227	0.0110199
0.156583	0.0110199	0.0110174
0.156583	0.0110174	0.0110152
0.156583	0.0110152	0.0110133
0.156583	0.0110133	0.0110116
0.157082	0.0110116	0.0110102
0.157082	0.0110102	0.0110089
0.157082	0.0110089	0.0110078
0.157082	0.0110078	0.0110068
0.157083	0.0110068	0.011006
0.157332	0.011006	0.0110052
0.157332	0.0110052	0.0110046
0.157332	0.0110046	0.011004
0.157332	0.011004	0.0110035
0.157333	0.0110035	0.0110031
0.157832	0.0110031	0.0110027
0.157832	0.0110027	0.0110023
0.157832	0.0110023	0.011002
0.157832	0.011002	0.0110018
0.157833	0.0110018	0.0110016
0.158582	0.0110016	0.0110014
0.158582	0.0110014	0.0110012
0.158582	0.0110012	0.0110011
0.158582	0.0110011	0.0110009
0.158583	0.0110009	0.0110008
0.158583	0.0110008	0.0110007
0.158583	0.0110007	0.0110006
0.158583	0.0110006	0.0110005
0.158583	0.0110005	0.0110005
0.158583	0.0110005	0.0108754
0.158583	0.0108754	0.010766
0.158583	0.010766	0.0106702
0.158583	0.0106702	0.0105865
0.158583	0.0105865	0.0105131
0.159082	0.0105131	0.010574
0.159082	0.010574	0.0106273
0.159082	0.0106273	0.0106738
0.159082	0.0106738	0.0107146
0.159332	0.0107146	0.0107503
0.159332	0.0107503	0.0107815
0.159332	0.0107815	0.0108088
0.159332	0.0108088	0.0108327
0.159333	0.0108327	0.0108536
0.160582	0.0108536	0.0109969
0.160582	0.0109969	0.0111223
0.160582	0.0111223	0.011232
0.160582	0.011232	0.011328
0.160583	0.011328	0.011412
0.160583	0.011412	0.0113605
0.160583	0.0113605	0.0113154
0.160583	0.0113154	0.011276
0.160583	0.011276	0.0112415
0.160583	0.0112415	0.0112113
0.160583	0.0112113	0.0111849
0.160583	0.0111849	0.0111618
0.160583	0.0111618	0.0111416
0.160583	0.0111416	0.0111239
0.160583	0.0111239	0.0111084
0.160583	0.0111084	0.0110948
0.160583	0.0110948	0.011083
0.160583	0.011083	0.0110726
0.161082	0.0110726	0.0111885
0.161082	0.0111885	0.01129
0.161082	0.01129	0.0113787
0.161082	0.0113787	0.0113314
0.161083	0.0113314	0.01129
0.161083	0.01129	0.0112537
0.161332	0.0112537	0.011222
0.161332	0.011222	0.0111942
0.161332	0.0111942	0.01117
0.161332	0.01117	0.0111487
0.161832	0.0111487	0.0111301
0.161832	0.0111301	0.0111139
0.161832	0.0111139	0.0110996
0.161832	0.0110996	0.0110872
0.161833	0.0110872	0.0110763
0.162582	0.0110763	0.0111917
0.162582	0.0111917	0.0112928
0.162582	0.0112928	0.0113812
0.162582	0.0113812	0.0113335
0.162583	0.0113335	0.0112918
0.162583	0.0112918	0.0112554
0.162583	0.0112554	0.0112234
0.162583	0.0112234	0.0111955
0.162583	0.0111955	0.0111711
0.162583	0.0111711	0.0111497
0.162583	0.0111497	0.011131
0.162583	0.011131	0.0111146
0.162583	0.0111146	0.0111003
0.162583	0.0111003	0.0109627
0.163082	0.0109627	0.0109674
0.163082	0.0109674	0.0109715
0.163082	0.0109715	0.010975
0.163082	0.010975	0.0109782
0.163083	0.0109782	0.0109809
0.163332	0.0109809	0.0109833
0.163332	0.0109833	0.0109854
0.163332	0.0109854	0.0109872
0.163332	0.0109872	0.0109888
0.164582	0.0109888	0.0111152
0.164582	0.0111152	0.0112258
0.164582	0.0112258	0.0113226
0.164582	0.0113226	0.0114072
0.164583	0.0114072	0.0114813
0.164583	0.0114813	0.0115462
0.164583	0.0115462	0.0116029
0.164583	0.0116029	0.0116525
0.164583	0.0116525	0.011696
0.164583	0.011696	0.011609
0.164583	0.011609	0.0115329
0.164583	0.0115329	0.0114662
0.164583	0.0114662	0.011408
0.164583	0.011408	0.011357
0.164583	0.011357	0.0113123
0.164583	0.0113123	0.0112733
0.164583	0.0112733	0.0112391
0.164583	0.0112391	0.0112092
0.165082	0.0112092	0.0113081
0.165082	0.0113081	0.0113946
0.165082	0.0113946	0.0114703
0.165082	0.0114703	0.0115365
0.165083	0.0115365	0.0115944
0.165083	0.0115944	0.0116451
0.165332	0.0116451	0.0116895
0.165332	0.0116895	0.0116033
0.165332	0.0116033	0.0115279
0.165332	0.0115279	0.0114619
0.165832	0.0114619	0.0114042
0.165832	0.0114042	0.0113536
0.165832	0.0113536	0.0113094
0.165832	0.0113094	0.0112708
0.165833	0.0112708	0.0112369
0.166582	0.0112369	0.0113323
0.166582	0.0113323	0.0114158
0.166582	0.0114158	0.0114888
0.166582	0.0114888	0.0115527
0.166583	0.0115527	0.0116086
0.166583	0.0116086	0.0115325
0.166583	0.0115325	0.011466
0.166583	0.011466	0.0114077
0.166583	0.0114077	0.0113567
0.166583	0.0113567	0.0113122
0.166583	0.0113122	0.0112731
0.166583	0.0112731	0.011239
0.166583	0.011239	0.0112091
0.166583	0.0112091	0.011183
0.167082	0.011183	0.0112851
0.167082	0.0112851	0.0113745
0.167082	0.0113745	0.0113277
0.167082	0.0113277	0.0112867
0.167083	0.0112867	0.0112509
0.167332	0.0112509	0.0112195
0.167332	0.0112195	0.0111921
0.167332	0.0111921	0.0111681
0.167332	0.0111681	0.011147
0.168582	0.011147	0.0112537
0.168582	0.0112537	0.011347
0.168582	0.011347	0.0114286
0.168582	0.0114286	0.0115
0.168583	0.0115	0.0115625
0.168583	0.0115625	0.0116172
0.168583	0.0116172	0.011665
0.168583	0.011665	0.0117069
0.168583	0.0117069	0.0117436
0.168583	0.0117436	0.0117756
0.168583	0.0117756	0.0118037
0.168583	0.0118037	0.0118282
0.168583	0.0118282	0.0117247
0.168583	0.0117247	0.0116341
0.168583	0.0116341	0.0115548
0.168583	0.0115548	0.0114855
0.168583	0.0114855	0.0114248
0.168583	0.0114248	0.0113717
0.169082	0.0113717	0.0114502
0.169082	0.0114502	0.0115189
0.169082	0.0115189	0.0115791
0.169082	0.0115791	0.0116317
0.169083	0.0116317	0.0116777
0.169083	0.0116777	0.011718
0.169332	0.011718	0.0117533
0.169332	0.0117533	0.0117841
0.169332	0.0117841	0.0118111
0.169332	0.0118111	0.0117097
0.169832	0.0117097	0.011621
0.169832	0.011621	0.0115434
0.169832	0.0115434	0.0114754
0.169832	0.0114754	0.011416
0.169833	0.011416	0.011364
0.170582	0.011364	0.0114435
0.170582	0.0114435	0.0115131
0.170582	0.0115131	0.0115739
0.170582	0.0115739	0.0116272
0.170583	0.0116272	0.0116738
0.170583	0.0116738	0.0117146
0.170583	0.0117146	0.0117502
0.170583	0.0117502	0.0117815
0.170583	0.0117815	0.0118088
0.170583	0.0118088	0.0117077
0.170583	0.0117077	0.0116192
0.170583	0.0116192	0.0115418
0.170583	0.0115418	0.0114741
0.170583	0.0114741	0.0114148
0.171082	0.0114148	0.011488
0.171082	0.011488	0.011552
0.171082	0.011552	0.011608
0.171082	0.011608	0.011657
0.171083	0.011657	0.0116999
0.171332	0.0116999	0.0116124
0.171332	0.0116124	0.0115358
0.171332	0.0115358	0.0114688
0.171332	0.0114688	0.0114102
0.171333	0.0114102	0.011359
0.172582	0.011359	0.0114391
0.172582	0.0114391	0.0115092
0.172582	0.0115092	0.0115706
0.172582	0.0115706	0.0116242
0.172583	0.0116242	0.0116712
0.172583	0.0116712	0.0117123
0.172583	0.0117123	0.0117483
0.172583	0.0117483	0.0117797
0.172583	0.0117797	0.0118073
0.172583	0.0118073	0.0118314
0.172583	0.0118314	0.0118524
0.172583	0.0118524	0.0118709
0.172583	0.0118709	0.011887
0.172583	0.011887	0.0119011
0.172583	0.0119011	0.0117885
0.172583	0.0117885	0.0116899
0.172583	0.0116899	0.0116037
0.172583	0.0116037	0.0115282
0.173082	0.0115282	0.0115872
0.173082	0.0115872	0.0116388
0.173082	0.0116388	0.011684
0.173082	0.011684	0.0117235
0.173083	0.0117235	0.011758
0.173332	0.011758	0.0117883
0.173332	0.0117883	0.0118147
0.173332	0.0118147	0.0118379
0.173332	0.0118379	0.0118582
0.173333	0.0118582	0.0118759
0.173832	0.0118759	0.0118914
0.173832	0.0118914	0.01178
0.173832	0.01178	0.0116825
0.173832	0.0116825	0.0115972
0.173833	0.0115972	0.0115225
0.174582	0.0115225	0.0115822
0.174582	0.0115822	0.0116344
0.174582	0.0116344	0.0116801
0.174582	0.0116801	0.0117201
0.174583	0.0117201	0.0117551
0.174583	0.0117551	0.0117857
0.174583	0.0117857	0.0118125
0.174583	0.0118125	0.0118359
0.174583	0.0118359	0.0118564
0.174583	0.0118564	0.0118744
0.174583	0.0118744	0.0118901
0.174583	0.0118901	0.0117788
0.174583	0.0117788	0.0116815
0.175082	0.0116815	0.0117213
0.175082	0.0117213	0.0117561
0.175082	0.0117561	0.0117866
0.175082	0.0117866	0.0118133
0.175083	0.0118133	0.0118366
0.175332	0.0118366	0.011857
0.175332	0.011857	0.0118749
0.175332	0.0118749	0.0117655
0.175332	0.0117655	0.0116699
0.175333	0.0116699	0.0115861
0.177314	0.0115861	0.0117629
0.177314	0.0117629	0.0119175
0.177315	0.0119175	0.0120528
0.177315	0.0120528	0.0121712
0.177315	0.0121712	0.0122748
0.177315	0.0122748	0.0123655
0.177315	0.0123655	0.0124448
0.177315	0.0124448	0.0125142
0.177315	0.0125142	0.0125749
0.177315	0.0125749	0.012628
0.177315	0.012628	0.0126745
0.177315	0.0126745	0.0127152
0.177315	0.0127152	0.0127508
0.177315	0.0127508	0.012782
0.177315	0.012782	0.0128092
0.177315	0.0128092	0.0128331
0.177316	0.0128331	0.0127289
0.177316	0.0127289	0.0126378
0.177316	0.0126378	0.0125581
0.177316	0.0125581	0.0124883
0.177316	0.0124883	0.0124273
0.177316	0.0124273	0.0123739
0.177316	0.0123739	0.0123271
0.177332	0.0123271	0.0122862
0.177332	0.0122862	0.0122505
0.177332	0.0122505	0.0122192
0.177332	0.0122192	0.0121918
0.177333	0.0121918	0.0121678
0.177832	0.0121678	0.0121468
0.177832	0.0121468	0.0121285
0.177832	0.0121285	0.0121124
0.177832	0.0121124	0.0120984
0.177833	0.0120984	0.0119611
0.178582	0.0119611	0.0119659
0.178582	0.0119659	0.0119702
0.178582	0.0119702	0.0119739
0.178582	0.0119739	0.0119772
0.178583	0.0119772	0.01198
0.178583	0.01198	0.0119825
0.178583	0.0119825	0.0119847
0.178583	0.0119847	0.0119866
0.178583	0.0119866	0.0119883
0.178583	0.0119883	0.0119898
0.178583	0.0119898	0.011991
0.178583	0.011991	0.0119922
0.178583	0.0119922	0.0119931
0.179082	0.0119931	0.012119
0.179082	0.012119	0.0121041
0.179082	0.0121041	0.0120911
0.179082	0.0120911	0.0120797
0.179083	0.0120797	0.0120697
0.179332	0.0120697	0.012061
0.179332	0.012061	0.0120534
0.179332	0.0120534	0.0120467
0.179332	0.0120467	0.0120409
0.179333	0.0120409	0.0120358
0.180582	0.0120358	0.0120313
0.180582	0.0120313	0.0120274
0.180582	0.0120274	0.012024
0.180582	0.012024	0.012021
0.180583	0.012021	0.0120183
0.180583	0.0120183	0.0120161
0.180583	0.0120161	0.012014
0.180583	0.012014	0.0120123
0.180583	0.0120123	0.0120108
0.180583	0.0120108	0.0120094
0.180583	0.0120094	0.0120082
0.180583	0.0120082	0.0120072
0.180583	0.0120072	0.0120063
0.180583	0.0120063	0.0120055
0.180583	0.0120055	0.0120048
0.180583	0.0120048	0.0120042
0.180583	0.0120042	0.0120037
0.180583	0.0120037	0.0120032
0.181082	0.0120032	0.0121278
0.181082	0.0121278	0.0121118
0.181082	0.0121118	0.0120979
0.181082	0.0120979	0.0120856
0.181083	0.0120856	0.0120749
0.181332	0.0120749	0.0120656
0.181332	0.0120656	0.0120574
0.181332	0.0120574	0.0120502
0.181332	0.0120502	0.0120439
0.181333	0.0120439	0.0120384
0.181832	0.0120384	0.0120336
0.181832	0.0120336	0.0120294
0.181832	0.0120294	0.0120257
0.181832	0.0120257	0.0120225
0.181833	0.0120225	0.0120197
0.182582	0.0120197	0.0121422
0.182582	0.0121422	0.0122495
0.182582	0.0122495	0.0122183
0.182582	0.0122183	0.012191
0.182583	0.012191	0.0121671
0.182583	0.0121671	0.0121462
0.182583	0.0121462	0.012128
0.182583	0.012128	0.012112
0.182583	0.012112	0.012098
0.182583	0.012098	0.0120857
0.182583	0.0120857	0.012075
0.182583	0.012075	0.0120656
0.182583	0.0120656	0.0120574
0.183082	0.0120574	0.0121752
0.183082	0.0121752	0.0122783
0.183082	0.0122783	0.0123685
0.183082	0.0123685	0.0124475
0.183083	0.0124475	0.0123915
0.183332	0.0123915	0.0123426
0.183332	0.0123426	0.0122998
0.183332	0.0122998	0.0122623
0.183332	0.0122623	0.0122295
0.183333	0.0122295	0.0122008
0.184582	0.0122008	0.0123007
0.184582	0.0123007	0.0123881
0.184582	0.0123881	0.0124646
0.184582	0.0124646	0.0125315
0.184583	0.0125315	0.0124651
0.184583	0.0124651	0.012407
0.184583	0.012407	0.0123561
0.184583	0.0123561	0.0123116
0.184583	0.0123116	0.0122726
0.184583	0.0122726	0.0122386
0.184583	0.0122386	0.0122087
0.184583	0.0122087	0.0121826
0.184583	0.0121826	0.0121598
0.184583	0.0121598	0.0121398
0.184583	0.0121398	0.0121224
0.184583	0.0121224	0.0121071
0.184583	0.0121071	0.0120937
0.184583	0.0120937	0.012082
0.185082	0.012082	0.0121967
0.185082	0.0121967	0.0122971
0.185082	0.0122971	0.012385
0.185082	0.012385	0.0124619
0.185083	0.0124619	0.0125291
0.185332	0.0125291	0.012463
0.185332	0.012463	0.0124051
0.185332	0.0124051	0.0123545
0.185332	0.0123545	0.0123102
0.185333	0.0123102	0.0122714
0.185832	0.0122714	0.0122375
0.185832	0.0122375	0.0122078
0.185832	0.0122078	0.0121818
0.185832	0.0121818	0.0121591
0.185833	0.0121591	0.0121392
0.186582	0.0121392	0.0122468
0.186582	0.0122468	0.0123409
0.186582	0.0123409	0.0124233
0.186582	0.0124233	0.0124954
0.186583	0.0124954	0.0125585
0.186583	0.0125585	0.0126137
0.186583	0.0126137	0.012537
0.186583	0.012537	0.0124698
0.186583	0.0124698	0.0124111
0.186583	0.0124111	0.0123597
0.186583	0.0123597	0.0123148
0.186583	0.0123148	0.0122754
0.186583	0.0122754	0.012241
0.186583	0.012241	0.0122109
0.187082	0.0122109	0.0123095
0.187082	0.0123095	0.0123958
0.187082	0.0123958	0.0124713
0.187082	0.0124713	0.0125374
0.187332	0.0125374	0.0125952
0.187332	0.0125952	0.0125208
0.187332	0.0125208	0.0124557
0.187332	0.0124557	0.0123988
0.187333	0.0123988	0.0123489
0.188582	0.0123489	0.0124303
0.188582	0.0124303	0.0125015
0.188582	0.0125015	0.0125638
0.188582	0.0125638	0.0126183
0.188583	0.0126183	0.0126661
0.188583	0.0126661	0.0127078
0.188583	0.0127078	0.0127443
0.188583	0.0127443	0.0125263
0.188583	0.0125263	0.0123355
0.188583	0.0123355	0.0121686
0.188583	0.0121686	0.0120225
0.188583	0.0120225	0.0118947
0.188583	0.0118947	0.0117828
0.188583	0.0117828	0.011685
0.188583	0.011685	0.0115994
0.188583	0.0115994	0.0115244
0.188583	0.0115244	0.0114589
0.188583	0.0114589	0.0114015
0.189082	0.0114015	0.0114763
0.189082	0.0114763	0.0115418
0.189082	0.0115418	0.0115991
0.189082	0.0115991	0.0116492
0.189083	0.0116492	0.011693
0.189083	0.011693	0.0117314
0.189332	0.0117314	0.011765
0.189332	0.011765	0.0117944
0.189332	0.0117944	0.0118201
0.189332	0.0118201	0.0118426
0.189832	0.0118426	0.0118622
0.189832	0.0118622	0.0118795
0.189832	0.0118795	0.0118945
0.189832	0.0118945	0.0119077
0.189833	0.0119077	0.0119192
0.190582	0.0119192	0.0120543
0.190582	0.0120543	0.0121725
0.190582	0.0121725	0.012276
0.190582	0.012276	0.0123665
0.190583	0.0123665	0.0124457
0.190583	0.0124457	0.012515
0.190583	0.012515	0.0125756
0.190583	0.0125756	0.0126286
0.190583	0.0126286	0.0126751
0.190583	0.0126751	0.0125907
0.190583	0.0125907	0.0125168
0.190583	0.0125168	0.0124522
0.190583	0.0124522	0.0123957
0.190583	0.0123957	0.0123462
0.191082	0.0123462	0.012428
0.191082	0.012428	0.0124995
0.191082	0.0124995	0.012562
0.191082	0.012562	0.0126168
0.191083	0.0126168	0.0126647
0.191332	0.0126647	0.0127066
0.191332	0.0127066	0.0127433
0.191332	0.0127433	0.0127754
0.191332	0.0127754	0.0126784
0.192582	0.0126784	0.0127186
0.192582	0.0127186	0.0127538
0.192582	0.0127538	0.0127846
0.192582	0.0127846	0.0128115
0.192583	0.0128115	0.0128351
0.192583	0.0128351	0.0128557
0.192583	0.0128557	0.0128737
0.192583	0.0128737	0.0128895
0.192583	0.0128895	0.0129033
0.192583	0.0129033	0.0129154
0.192583	0.0129154	0.012801
0.192583	0.012801	0.0127009
0.192583	0.0127009	0.0126132
0.192583	0.0126132	0.0125366
0.192583	0.0125366	0.0124695
0.192583	0.0124695	0.0124108
0.192583	0.0124108	0.0123595
0.192583	0.0123595	0.0123145
0.193082	0.0123145	0.0124002
0.193082	0.0124002	0.0124752
0.193082	0.0124752	0.0125408
0.193082	0.0125408	0.0125982
0.193083	0.0125982	0.0126484
0.193083	0.0126484	0.0126924
0.193332	0.0126924	0.0127308
0.193332	0.0127308	0.0127645
0.193332	0.0127645	0.0127939
0.193332	0.0127939	0.0128197
0.193832	0.0128197	0.0128422
0.193832	0.0128422	0.0127369
0.193832	0.0127369	0.0126448
0.193832	0.0126448	0.0125642
0.193833	0.0125642	0.0124937
0.194582	0.0124937	0.012557
0.194582	0.012557	0.0126124
0.194582	0.0126124	0.0126608
0.194582	0.0126608	0.0127032
0.194583	0.0127032	0.0127403
0.194583	0.0127403	0.0127728
0.194583	0.0127728	0.0128012
0.194583	0.0128012	0.012826
0.194583	0.012826	0.0128478
0.194583	0.0128478	0.0128668
0.194583	0.0128668	0.0128834
0.194583	0.0128834	0.012773
0.194583	0.012773	0.0126764
0.194583	0.0126764	0.0125918
0.195082	0.0125918	0.0126429
0.195082	0.0126429	0.0126875
0.195082	0.0126875	0.0127266
0.195082	0.0127266	0.0127607
0.195083	0.0127607	0.0127907
0.195332	0.0127907	0.0128168
0.195332	0.0128168	0.0128397
0.195332	0.0128397	0.0128597
0.195332	0.0128597	0.0128773
0.196582	0.0128773	0.0130176
0.196582	0.0130176	0.0131404
0.196582	0.0131404	0.0131229
0.196582	0.0131229	0.0131075
0.196583	0.0131075	0.0130941
0.196583	0.0130941	0.0130823
0.196583	0.0130823	0.013072
0.196583	0.013072	0.013063
0.196583	0.013063	0.0130551
0.196583	0.0130551	0.0130482
0.196583	0.0130482	0.0130422
0.196583	0.0130422	0.0130369
0.196583	0.0130369	0.0129073
0.196583	0.0129073	0.0127939
0.196583	0.0127939	0.0126947
0.196583	0.0126947	0.0126078
0.196583	0.0126078	0.0125319
0.196583	0.0125319	0.0124654
0.197082	0.0124654	0.0125322
0.197082	0.0125322	0.0125907
0.197082	0.0125907	0.0126418
0.197082	0.0126418	0.0126866
0.197083	0.0126866	0.0127258
0.197083	0.0127258	0.0127601
0.197332	0.0127601	0.0127901
0.197332	0.0127901	0.0128163
0.197332	0.0128163	0.0128393
0.197332	0.0128393	0.0128593
0.197832	0.0128593	0.0128769
0.197832	0.0128769	0.0128923
0.197832	0.0128923	0.0129058
0.197832	0.0129058	0.0127926
0.197833	0.0127926	0.0126935
0.198582	0.0126935	0.0127318
0.198582	0.0127318	0.0127653
0.198582	0.0127653	0.0127947
0.198582	0.0127947	0.0128203
0.198583	0.0128203	0.0128428
0.198583	0.0128428	0.0128624
0.198583	0.0128624	0.0128796
0.198583	0.0128796	0.0128947
0.198583	0.0128947	0.0129078
0.198583	0.0129078	0.0129194
0.198583	0.0129194	0.0129294
0.198583	0.0129294	0.0129383
0.198583	0.0129383	0.012946
0.198583	0.012946	0.0129527
0.199082	0.0129527	0.0129586
0.199082	0.0129586	0.0129638
0.199082	0.0129638	0.0129683
0.199082	0.0129683	0.0129723
0.199083	0.0129723	0.0129758
0.199332	0.0129758	0.0129788
0.199332	0.0129788	0.0129814
0.199332	0.0129814	0.0129838
0.199332	0.0129838	0.0129858
0.199333	0.0129858	0.0129876
0.200582	0.0129876	0.0131141
0.200582	0.0131141	0.0132248
0.200582	0.0132248	0.0133217
0.200582	0.0133217	0.0134065
0.200583	0.0134065	0.0134807
0.200583	0.0134807	0.0134206
0.200583	0.0134206	0.013368
0.200583	0.013368	0.013322
0.200583	0.013322	0.0132818
0.200583	0.0132818	0.0132466
0.200583	0.0132466	0.0132157
0.200583	0.0132157	0.0131888
0.200583	0.0131888	0.0131652
0.200583	0.0131652	0.0131445
0.200583	0.0131445	0.0130015
0.200583	0.0130015	0.0128763
0.200583	0.0128763	0.0127667
0.200583	0.0127667	0.0126709
0.201082	0.0126709	0.012712
0.201082	0.012712	0.012748
0.201082	0.012748	0.0127795
0.201082	0.0127795	0.0128071
0.201083	0.0128071	0.0128312
0.201332	0.0128312	0.0128523
0.201332	0.0128523	0.0128708
0.201332	0.0128708	0.0128869
0.201332	0.0128869	0.0129011
0.201333	0.0129011	0.0129134
0.201832	0.0129134	0.0129242
0.201832	0.0129242	0.0129337
0.201832	0.0129337	0.012942
0.201832	0.012942	0.0129492
0.201833	0.0129492	0.0129556
0.202582	0.0129556	0.0129611
0.202582	0.0129611	0.012966
0.202582	0.012966	0.0129702
0.202582	0.0129702	0.012974
0.202583	0.012974	0.0129772
0.202583	0.0129772	0.0129801
0.202583	0.0129801	0.0129826
0.202583	0.0129826	0.0129847
0.202583	0.0129847	0.0129866
0.202583	0.0129866	0.0129883
0.202583	0.0129883	0.0129898
0.202583	0.0129898	0.0129911
0.202583	0.0129911	0.0129922
0.203082	0.0129922	0.0131181
0.203082	0.0131181	0.0132284
0.203082	0.0132284	0.0133248
0.203082	0.0133248	0.0132842
0.203083	0.0132842	0.0132487
0.203332	0.0132487	0.0132176
0.203332	0.0132176	0.0131904
0.203332	0.0131904	0.0131666
0.203332	0.0131666	0.0131458
0.203333	0.0131458	0.0131276
0.204582	0.0131276	0.0132366
0.204582	0.0132366	0.013332
0.204582	0.013332	0.0134155
0.204582	0.0134155	0.0134886
0.204583	0.0134886	0.0135525
0.204583	0.0135525	0.0136084
0.204583	0.0136084	0.0136574
0.204583	0.0136574	0.0137002
0.204583	0.0137002	0.0136127
0.204583	0.0136127	0.0135361
0.204583	0.0135361	0.0134691
0.204583	0.0134691	0.0134105
0.204583	0.0134105	0.0133591
0.204583	0.0133591	0.0133143
0.204583	0.0133143	0.013275
0.204583	0.013275	0.0132406
0.204583	0.0132406	0.0132105
0.204583	0.0132105	0.0130592
0.205082	0.0130592	0.0130518
0.205082	0.0130518	0.0130453
0.205082	0.0130453	0.0130397
0.205082	0.0130397	0.0130347
0.205083	0.0130347	0.0130304
0.205332	0.0130304	0.0130266
0.205332	0.0130266	0.0130232
0.205332	0.0130232	0.0130203
0.205332	0.0130203	0.0130178
0.205333	0.0130178	0.0130156
0.205832	0.0130156	0.0130136
0.205832	0.0130136	0.0130119
0.205832	0.0130119	0.0130104
0.205832	0.0130104	0.0130091
0.205833	0.0130091	0.013008
0.206582	0.013008	0.013132
0.206582	0.013132	0.0132405
0.206582	0.0132405	0.0133354
0.206582	0.0133354	0.0132935
0.206583	0.0132935	0.0132568
0.206583	0.0132568	0.0132247
0.206583	0.0132247	0.0131966
0.206583	0.0131966	0.013172
0.206583	0.013172	0.0131505
0.206583	0.0131505	0.0131317
0.206583	0.0131317	0.0131153
0.206583	0.0131153	0.0131008
0.206583	0.0131008	0.0130882
0.206583	0.0130882	0.0130772
0.207082	0.0130772	0.0131926
0.207082	0.0131926	0.0132935
0.207082	0.0132935	0.0133818
0.207082	0.0133818	0.0134591
0.207083	0.0134591	0.0135267
0.207332	0.0135267	0.0134609
0.207332	0.0134609	0.0134032
0.207332	0.0134032	0.0133528
0.207332	0.0133528	0.0133087
0.208582	0.0133087	0.0133951
0.208582	0.0133951	0.0134708
0.208582	0.0134708	0.0135369
0.208582	0.0135369	0.0135948
0.208583	0.0135948	0.0136454
0.208583	0.0136454	0.0136898
0.208583	0.0136898	0.0137285
0.208583	0.0137285	0.0137625
0.208583	0.0137625	0.0137922
0.208583	0.0137922	0.0138181
0.208583	0.0138181	0.0137159
0.208583	0.0137159	0.0136264
0.208583	0.0136264	0.0135481
0.208583	0.0135481	0.0134796
0.208583	0.0134796	0.0134196
0.208583	0.0134196	0.0133672
0.208583	0.0133672	0.0133213
0.208583	0.0133213	0.0132811
0.209082	0.0132811	0.013371
0.209082	0.013371	0.0134496
0.209082	0.0134496	0.0133934
0.209082	0.0133934	0.0133442
0.209083	0.0133442	0.0133012
0.209083	0.0133012	0.0132636
0.209332	0.0132636	0.0132306
0.209332	0.0132306	0.0132018
0.209332	0.0132018	0.0131766
0.209332	0.0131766	0.0131545
0.209832	0.0131545	0.0131352
0.209832	0.0131352	0.0131183
0.209832	0.0131183	0.0131035
0.209832	0.0131035	0.0130906
0.209833	0.0130906	0.0130792
0.210582	0.0130792	0.0131943
0.210582	0.0131943	0.013295
0.210582	0.013295	0.0133832
0.210582	0.0133832	0.0134603
0.210583	0.0134603	0.0135277
0.210583	0.0135277	0.0135868
0.210583	0.0135868	0.0135134
0.210583	0.0135134	0.0134492
0.210583	0.0134492	0.0133931
0.210583	0.0133931	0.0133439
0.210583	0.0133439	0.013301
0.210583	0.013301	0.0132633
0.210583	0.0132633	0.0132304
0.210583	0.0132304	0.0132016
0.211082	0.0132016	0.0133014
0.211082	0.0133014	0.0133887
0.211082	0.0133887	0.0134651
0.211082	0.0134651	0.013532
0.211083	0.013532	0.0135905
0.211332	0.0135905	0.0136417
0.211332	0.0136417	0.0136865
0.211332	0.0136865	0.0137257
0.211332	0.0137257	0.013635
0.212582	0.013635	0.0136806
0.212582	0.0136806	0.0137205
0.212582	0.0137205	0.0137554
0.212582	0.0137554	0.013786
0.212583	0.013786	0.0138128
0.212583	0.0138128	0.0138362
0.212583	0.0138362	0.0138566
0.212583	0.0138566	0.0138746
0.212583	0.0138746	0.0138902
0.212583	0.0138902	0.013904
0.212583	0.013904	0.013916
0.212583	0.013916	0.0139265
0.212583	0.0139265	0.0139357
0.212583	0.0139357	0.0138187
0.212583	0.0138187	0.0137164
0.212583	0.0137164	0.0136268
0.212583	0.0136268	0.0135485
0.212583	0.0135485	0.0134799
0.213082	0.0134799	0.0135449
0.213082	0.0135449	0.0136018
0.213082	0.0136018	0.0136516
0.213082	0.0136516	0.0136951
0.213083	0.0136951	0.0137332
0.213083	0.0137332	0.0137666
0.213332	0.0137666	0.0136708
0.213332	0.0136708	0.0135869
0.213332	0.0135869	0.0135135
0.213332	0.0135135	0.0134494
0.213832	0.0134494	0.0133932
0.213832	0.0133932	0.013344
0.213832	0.013344	0.013301
0.213832	0.013301	0.0132634
0.213833	0.0132634	0.0132305
0.214582	0.0132305	0.0133267
0.214582	0.0133267	0.0134108
0.214582	0.0134108	0.0134845
0.214582	0.0134845	0.0135489
0.214583	0.0135489	0.0136053
0.214583	0.0136053	0.0136546
0.214583	0.0136546	0.0136978
0.214583	0.0136978	0.0137356
0.214583	0.0137356	0.0137686
0.214583	0.0137686	0.0137976
0.214583	0.0137976	0.0136979
0.214583	0.0136979	0.0136106
0.214583	0.0136106	0.0135343
0.214583	0.0135343	0.0134675
0.215082	0.0134675	0.0135341
0.215082	0.0135341	0.0135923
0.215082	0.0135923	0.0136433
0.215082	0.0136433	0.0136879
0.215083	0.0136879	0.0137269
0.215332	0.0137269	0.013761
0.215332	0.013761	0.0137909
0.215332	0.0137909	0.013817
0.215332	0.013817	0.0138399
0.216582	0.0138399	0.0139849
0.216582	0.0139849	0.0141118
0.216582	0.0141118	0.0140978
0.216582	0.0140978	0.0140856
0.216583	0.0140856	0.0140749
0.216583	0.0140749	0.0140655
0.216583	0.0140655	0.0140573
0.216583	0.0140573	0.0140502
0.216583	0.0140502	0.0140439
0.216583	0.0140439	0.0140384
0.216583	0.0140384	0.0140336
0.216583	0.0140336	0.0140294
0.216583	0.0140294	0.0140257
0.216583	0.0140257	0.0140225
0.216583	0.0140225	0.0140197
0.216583	0.0140197	0.0140172
0.216583	0.0140172	0.0138901
0.216583	0.0138901	0.0137788
0.217082	0.0137788	0.0138065
0.217082	0.0138065	0.0138307
0.217082	0.0138307	0.0138518
0.217082	0.0138518	0.0138703
0.217083	0.0138703	0.0138866
0.217083	0.0138866	0.0139007
0.217332	0.0139007	0.0139131
0.217332	0.0139131	0.013924
0.217332	0.013924	0.0139335
0.217332	0.0139335	0.0138168
0.217832	0.0138168	0.0137147
0.217832	0.0137147	0.0136254
0.217832	0.0136254	0.0135472
0.217832	0.0135472	0.0134788
0.217833	0.0134788	0.0134189
0.218582	0.0134189	0.0134916
0.218582	0.0134916	0.0135551
0.218582	0.0135551	0.0136107
0.218582	0.0136107	0.0136594
0.218583	0.0136594	0.013702
0.218583	0.013702	0.0137392
0.218583	0.0137392	0.0137718
0.218583	0.0137718	0.0138003
0.218583	0.0138003	0.0138253
0.218583	0.0138253	0.0138471
0.218583	0.0138471	0.0138662
0.218583	0.0138662	0.013883
0.218583	0.013883	0.0137726
0.218583	0.0137726	0.013676
0.219082	0.013676	0.0137165
0.219082	0.0137165	0.013752
0.219082	0.013752	0.013783
0.219082	0.013783	0.0138101
0.219083	0.0138101	0.0138338
0.219332	0.0138338	0.0138546
0.219332	0.0138546	0.0138728
0.219332	0.0138728	0.0138887
0.219332	0.0138887	0.0139026
0.219333	0.0139026	0.0139148
0.220582	0.0139148	0.0140504
0.220582	0.0140504	0.0141691
0.220582	0.0141691	0.014273
0.220582	0.014273	0.0143639
0.220583	0.0143639	0.0143184
0.220583	0.0143184	0.0142786
0.220583	0.0142786	0.0142438
0.220583	0.0142438	0.0142133
0.220583	0.0142133	0.0141866
0.220583	0.0141866	0.0141633
0.220583	0.0141633	0.0141429
0.220583	0.0141429	0.014125
0.220583	0.014125	0.0141094
0.220583	0.0141094	0.0140957
0.220583	0.0140957	0.0140838
0.220583	0.0140838	0.0140733
0.220583	0.0140733	0.0140641
0.220583	0.0140641	0.0140561
0.221082	0.0140561	0.0141741
0.221082	0.0141741	0.0141523
0.221082	0.0141523	0.0141333
0.221082	0.0141333	0.0141166
0.221083	0.0141166	0.014102
0.221332	0.014102	0.0140893
0.221332	0.0140893	0.0140781
0.221332	0.0140781	0.0140684
0.221332	0.0140684	0.0140598
0.221333	0.0140598	0.0140523
0.221832	0.0140523	0.0139208
0.221832	0.0139208	0.0138057
0.221832	0.0138057	0.013705
0.221832	0.013705	0.0136169
0.221833	0.0136169	0.0135398
0.222582	0.0135398	0.0135973
0.222582	0.0135973	0.0136476
0.222582	0.0136476	0.0136917
0.222582	0.0136917	0.0137302
0.222583	0.0137302	0.0137639
0.222583	0.0137639	0.0137934
0.222583	0.0137934	0.0138193
0.222583	0.0138193	0.0138419
0.222583	0.0138419	0.0138616
0.222583	0.0138616	0.0138789
0.222583	0.0138789	0.0138941
0.222583	0.0138941	0.0139073
0.222583	0.0139073	0.0139189
0.223082	0.0139189	0.014054
0.223082	0.014054	0.0140473
0.223082	0.0140473	0.0140414
0.223082	0.0140414	0.0140362
0.223083	0.0140362	0.0140317
0.223332	0.0140317	0.0140277
0.223332	0.0140277	0.0140242
0.223332	0.0140242	0.0140212
0.223332	0.0140212	0.0140186
0.223333	0.0140186	0.0140162
0.224582	0.0140162	0.0141392
0.224582	0.0141392	0.0142468
0.224582	0.0142468	0.014341
0.224582	0.014341	0.0144233
0.224583	0.0144233	0.0144954
0.224583	0.0144954	0.0145585
0.224583	0.0145585	0.0146137
0.224583	0.0146137	0.014537
0.224583	0.014537	0.0144698
0.224583	0.0144698	0.0144111
0.224583	0.0144111	0.0143597
0.224583	0.0143597	0.0143148
0.224583	0.0143148	0.0142754
0.224583	0.0142754	0.014241
0.224583	0.014241	0.0142109
0.224583	0.0142109	0.0141845
0.224583	0.0141845	0.0141614
0.224583	0.0141614	0.0141413
0.225082	0.0141413	0.0142486
0.225082	0.0142486	0.0143425
0.225082	0.0143425	0.0144247
0.225082	0.0144247	0.0144966
0.225083	0.0144966	0.0144345
0.225332	0.0144345	0.0143802
0.225332	0.0143802	0.0143327
0.225332	0.0143327	0.0142911
0.225332	0.0142911	0.0142547
0.225333	0.0142547	0.0142229
0.225832	0.0142229	0.014195
0.225832	0.014195	0.0141706
0.225832	0.0141706	0.0141493
0.225832	0.0141493	0.0140056
0.225833	0.0140056	0.0138799
0.226582	0.0138799	0.0138949
0.226582	0.0138949	0.0139081
0.226582	0.0139081	0.0139196
0.226582	0.0139196	0.0139296
0.226583	0.0139296	0.0139384
0.226583	0.0139384	0.0139461
0.226583	0.0139461	0.0139529
0.226583	0.0139529	0.0139587
0.226583	0.0139587	0.0139639
0.226583	0.0139639	0.0139684
0.226583	0.0139684	0.0139724
0.226583	0.0139724	0.0139758
0.226583	0.0139758	0.0139788
0.226583	0.0139788	0.0139815
0.227082	0.0139815	0.0141088
0.227082	0.0141088	0.0142202
0.227082	0.0142202	0.0143177
0.227082	0.0143177	0.014278
0.227083	0.014278	0.0142432
0.227332	0.0142432	0.0142128
0.227332	0.0142128	0.0141862
0.227332	0.0141862	0.0141629
0.227332	0.0141629	0.0141426
0.228582	0.0141426	0.0142497
0.228582	0.0142497	0.0143435
0.228582	0.0143435	0.0144256
0.228582	0.0144256	0.0144974
0.228583	0.0144974	0.0145602
0.228583	0.0145602	0.0146152
0.228583	0.0146152	0.0146633
0.228583	0.0146633	0.0147054
0.228583	0.0147054	0.0147422
0.228583	0.0147422	0.0147744
0.228583	0.0147744	0.0146776
0.228583	0.0146776	0.0145929
0.228583	0.0145929	0.0145188
0.228583	0.0145188	0.014454
0.228583	0.014454	0.0143972
0.228583	0.0143972	0.0143476
0.228583	0.0143476	0.0143041
0.228583	0.0143041	0.0142661
0.229082	0.0142661	0.0143578
0.229082	0.0143578	0.0144381
0.229082	0.0144381	0.0145083
0.229082	0.0145083	0.0145698
0.229083	0.0145698	0.0146236
0.229083	0.0146236	0.0146706
0.229332	0.0146706	0.0145868
0.229332	0.0145868	0.0145134
0.229332	0.0145134	0.0144493
0.229332	0.0144493	0.0143931
0.229832	0.0143931	0.014344
0.229832	0.014344	0.014301
0.229832	0.014301	0.0142633
0.229832	0.0142633	0.0142304
0.229833	0.0142304	0.0142016
0.230582	0.0142016	0.0143014
0.230582	0.0143014	0.0142637
0.230582	0.0142637	0.0142308
0.230582	0.0142308	0.0142019
0.230583	0.0142019	0.0141767
0.230583	0.0141767	0.0141546
0.230583	0.0141546	0.0141353
0.230583	0.0141353	0.0141184
0.230583	0.0141184	0.0141036
0.230583	0.0141036	0.0140906
0.230583	0.0140906	0.0140793
0.230583	0.0140793	0.0140694
0.230583	0.0140694	0.0140607
0.230583	0.0140607	0.0140531
0.231814	0.0140531	0.0141715
0.231814	0.0141715	0.014275
0.231815	0.014275	0.0143657
0.231815	0.0143657	0.014445
0.231815	0.014445	0.0145143
0.231815	0.0145143	0.014575
0.231815	0.014575	0.0145032
0.231815	0.0145032	0.0144403
0.231815	0.0144403	0.0143852
0.232582	0.0143852	0.0144621
0.232582	0.0144621	0.0145293
0.232582	0.0145293	0.0145882
0.232582	0.0145882	0.0146396
0.232583	0.0146396	0.0146847
0.232583	0.0146847	0.0147241
0.232583	0.0147241	0.0147586
0.232583	0.0147586	0.0147888
0.232583	0.0147888	0.0148152
0.232583	0.0148152	0.0148383
0.232583	0.0148383	0.0148585
0.232583	0.0148585	0.0148762
0.232583	0.0148762	0.0148916
0.232583	0.0148916	0.0147802
0.232583	0.0147802	0.0146827
0.232583	0.0146827	0.0145973
0.232583	0.0145973	0.0145227
0.233082	0.0145227	0.0145823
0.233082	0.0145823	0.0146345
0.233082	0.0146345	0.0146802
0.233082	0.0146802	0.0147202
0.233083	0.0147202	0.0147552
0.233083	0.0147552	0.0147858
0.233332	0.0147858	0.0148126
0.233332	0.0148126	0.014836
0.233332	0.014836	0.0148565
0.233332	0.0148565	0.0148744
0.233582	0.0148744	0.0147651
0.233582	0.0147651	0.0146695
0.233582	0.0146695	0.0145858
0.233582	0.0145858	0.0145126
0.233583	0.0145126	0.0144485
0.234332	0.0144485	0.0145174
0.234332	0.0145174	0.0145778
0.234332	0.0145778	0.0146305
0.234332	0.0146305	0.0146767
0.234333	0.0146767	0.0147171
0.234333	0.0147171	0.0147525
0.234333	0.0147525	0.0146584
0.234333	0.0146584	0.0145761
0.234333	0.0145761	0.0145041
0.234582	0.0145041	0.0144411
0.234582	0.0144411	0.014386
0.234582	0.014386	0.0143377
0.234582	0.0143377	0.0142955
0.235082	0.0142955	0.0143836
0.235082	0.0143836	0.0144606
0.235082	0.0144606	0.014528
0.235082	0.014528	0.014587
0.235083	0.014587	0.0146387
0.235832	0.0146387	0.0146838
0.235832	0.0146838	0.0147233
0.235832	0.0147233	0.0147579
0.235832	0.0147579	0.0147882
0.235833	0.0147882	0.0148147
0.235833	0.0148147	0.0148378
0.235833	0.0148378	0.0148581
0.235833	0.0148581	0.0147508
0.235833	0.0147508	0.014657
0.236582	0.014657	0.0146999
0.236582	0.0146999	0.0147374
0.236582	0.0147374	0.0147702
0.236582	0.0147702	0.0147989
0.236583	0.0147989	0.0148241
0.236583	0.0148241	0.0148461
0.236583	0.0148461	0.0148653
0.236583	0.0148653	0.0148821
0.236583	0.0148821	0.0148969
0.236583	0.0148969	0.0149098
0.236583	0.0149098	0.014921
0.236583	0.014921	0.0149309
0.236583	0.0149309	0.0149395
0.236583	0.0149395	0.0148221
0.237082	0.0148221	0.0148443
0.237082	0.0148443	0.0148638
0.237082	0.0148638	0.0148808
0.237082	0.0148808	0.0148957
0.237083	0.0148957	0.0149088
0.237332	0.0149088	0.0149202
0.237332	0.0149202	0.0149301
0.237332	0.0149301	0.0149389
0.237332	0.0149389	0.0149465
0.238582	0.0149465	0.0150782
0.238582	0.0150782	0.0151934
0.238582	0.0151934	0.0152942
0.238582	0.0152942	0.0153825
0.238583	0.0153825	0.0153347
0.238583	0.0153347	0.0152928
0.238583	0.0152928	0.0152562
0.238583	0.0152562	0.0152242
0.238583	0.0152242	0.0151962
0.238583	0.0151962	0.0151716
0.238583	0.0151716	0.0151502
0.238583	0.0151502	0.0151314
0.238583	0.0151314	0.015115
0.238583	0.015115	0.0151006
0.238583	0.0151006	0.015088
0.238583	0.015088	0.014952
0.238583	0.014952	0.014833
0.238583	0.014833	0.0147289
0.239082	0.0147289	0.0147628
0.239082	0.0147628	0.0147924
0.239082	0.0147924	0.0148184
0.239082	0.0148184	0.0148411
0.239083	0.0148411	0.0148609
0.239083	0.0148609	0.0148783
0.239332	0.0148783	0.0148935
0.239332	0.0148935	0.0149068
0.239332	0.0149068	0.0149185
0.239332	0.0149185	0.0149287
0.239333	0.0149287	0.0149376
0.239832	0.0149376	0.0149454
0.239832	0.0149454	0.0149522
0.239832	0.0149522	0.0149582
0.239832	0.0149582	0.0149634
0.240582	0.0149634	0.014968
0.240582	0.014968	0.014972
0.240582	0.014972	0.0149755
0.240582	0.0149755	0.0149786
0.240583	0.0149786	0.0149812
0.240583	0.0149812	0.0149836
0.240583	0.0149836	0.0149856
0.240583	0.0149856	0.0149874
0.240583	0.0149874	0.014989
0.240583	0.014989	0.0149904
0.240583	0.0149904	0.0149916
0.240583	0.0149916	0.0149926
0.240583	0.0149926	0.0149935
0.240583	0.0149935	0.0149944
0.241082	0.0149944	0.0151201
0.241082	0.0151201	0.0152301
0.241082	0.0152301	0.0152013
0.241082	0.0152013	0.0151761
0.241083	0.0151761	0.0151541
0.241332	0.0151541	0.0151349
0.241332	0.0151349	0.015118
0.241332	0.015118	0.0151032
0.241332	0.0151032	0.0150903
0.241333	0.0150903	0.015079
0.242582	0.015079	0.0151942
0.242582	0.0151942	0.0152949
0.242582	0.0152949	0.015383
0.242582	0.015383	0.0154602
0.242583	0.0154602	0.0155276
0.242583	0.0155276	0.0155867
0.242583	0.0155867	0.0156383
0.242583	0.0156383	0.0155586
0.242583	0.0155586	0.0154887
0.242583	0.0154887	0.0154276
0.242583	0.0154276	0.0153742
0.242583	0.0153742	0.0153274
0.242583	0.0153274	0.0152865
0.242583	0.0152865	0.0152507
0.242583	0.0152507	0.0152193
0.242583	0.0152193	0.0151919
0.242583	0.0151919	0.0150429
0.242583	0.0150429	0.0149126
0.243082	0.0149126	0.0149235
0.243082	0.0149235	0.0149331
0.243082	0.0149331	0.0149414
0.243082	0.0149414	0.0149487
0.243083	0.0149487	0.0149552
0.243332	0.0149552	0.0149608
0.243332	0.0149608	0.0149657
0.243332	0.0149657	0.01497
0.243332	0.01497	0.0149737
0.243333	0.0149737	0.014977
0.243832	0.014977	0.0149799
0.243832	0.0149799	0.0149824
0.243832	0.0149824	0.0149846
0.243832	0.0149846	0.0149865
0.243833	0.0149865	0.0149882
0.244582	0.0149882	0.0151147
0.244582	0.0151147	0.0152253
0.244582	0.0152253	0.0151972
0.244582	0.0151972	0.0151725
0.244583	0.0151725	0.015151
0.244583	0.015151	0.0151321
0.244583	0.0151321	0.0151156
0.244583	0.0151156	0.0151011
0.244583	0.0151011	0.0150885
0.244583	0.0150885	0.0150774
0.244583	0.0150774	0.0150677
0.244583	0.0150677	0.0150593
0.244583	0.0150593	0.0150519
0.245082	0.0150519	0.0151704
0.245082	0.0151704	0.0152741
0.245082	0.0152741	0.0153648
0.245082	0.0153648	0.0154442
0.245083	0.0154442	0.0155137
0.245332	0.0155137	0.0154495
0.245332	0.0154495	0.0153933
0.245332	0.0153933	0.0153441
0.245332	0.0153441	0.0153011
0.245333	0.0153011	0.0152635
0.246582	0.0152635	0.0153555
0.246582	0.0153555	0.0154361
0.246582	0.0154361	0.0155066
0.246582	0.0155066	0.0155683
0.246583	0.0155683	0.0156222
0.246583	0.0156222	0.0156694
0.246583	0.0156694	0.0157108
0.246583	0.0157108	0.0157469
0.246583	0.0157469	0.0157786
0.246583	0.0157786	0.0158062
0.246583	0.0158062	0.0157055
0.246583	0.0157055	0.0156173
0.246583	0.0156173	0.0155401
0.246583	0.0155401	0.0154726
0.246583	0.0154726	0.0154135
0.246583	0.0154135	0.0153618
0.246583	0.0153618	0.0153166
0.246583	0.0153166	0.015277
0.247082	0.015277	0.0153674
0.247082	0.0153674	0.0153215
0.247082	0.0153215	0.0152813
0.247082	0.0152813	0.0152461
0.247083	0.0152461	0.0152154
0.247332	0.0152154	0.0151884
0.247332	0.0151884	0.0151649
0.247332	0.0151649	0.0151443
0.247332	0.0151443	0.0151262
0.247333	0.0151262	0.0151105
0.247832	0.0151105	0.0150967
0.247832	0.0150967	0.0150846
0.247832	0.0150846	0.015074
0.247832	0.015074	0.0150647
0.247833	0.0150647	0.0150567
0.248582	0.0150567	0.0151746
0.248582	0.0151746	0.0152777
0.248582	0.0152777	0.015368
0.248582	0.015368	0.015447
0.248583	0.015447	0.0153911
0.248583	0.0153911	0.0153423
0.248583	0.0153423	0.0152995
0.248583	0.0152995	0.015262
0.248583	0.015262	0.0152293
0.248583	0.0152293	0.0152006
0.248583	0.0152006	0.0151755
0.248583	0.0151755	0.0151536
0.248583	0.0151536	0.0151344
0.248583	0.0151344	0.0151176
0.249082	0.0151176	0.0152279
0.249082	0.0152279	0.0153244
0.249082	0.0153244	0.0154089
0.249082	0.0154089	0.0154828
0.249083	0.0154828	0.0155474
0.249332	0.0155474	0.015604
0.249332	0.015604	0.0155285
0.249332	0.0155285	0.0154624
0.249332	0.0154624	0.0154046
0.250582	0.0154046	0.015479
0.250582	0.015479	0.0155442
0.250582	0.0155442	0.0156011
0.250582	0.0156011	0.015651
0.250583	0.015651	0.0156946
0.250583	0.0156946	0.0157328
0.250583	0.0157328	0.0157662
0.250583	0.0157662	0.0157954
0.250583	0.0157954	0.015821
0.250583	0.015821	0.0158434
0.250583	0.0158434	0.0157379
0.250583	0.0157379	0.0156457
0.250583	0.0156457	0.015565
0.250583	0.015565	0.0154944
0.250583	0.0154944	0.0154326
0.250583	0.0154326	0.0153785
0.250583	0.0153785	0.0153312
0.250583	0.0153312	0.0152898
0.251082	0.0152898	0.0153786
0.251082	0.0153786	0.0154562
0.251082	0.0154562	0.0155242
0.251082	0.0155242	0.0155837
0.251083	0.0155837	0.0156357
0.251083	0.0156357	0.0156813
0.251332	0.0156813	0.0157211
0.251332	0.0157211	0.015631
0.251332	0.015631	0.0155521
0.251332	0.0155521	0.0154831
0.251832	0.0154831	0.0154227
0.251832	0.0154227	0.0153699
0.251832	0.0153699	0.0153236
0.251832	0.0153236	0.0152832
0.251833	0.0152832	0.0152478
0.252582	0.0152478	0.0153418
0.252582	0.0153418	0.0154241
0.252582	0.0154241	0.0154961
0.252582	0.0154961	0.0155591
0.252583	0.0155591	0.0156142
0.252583	0.0156142	0.0156624
0.252583	0.0156624	0.0157046
0.252583	0.0157046	0.0156165
0.252583	0.0156165	0.0155395
0.252583	0.0155395	0.015472
0.252583	0.015472	0.015413
0.252583	0.015413	0.0153614
0.252583	0.0153614	0.0153162
0.253082	0.0153162	0.0154017
0.253082	0.0154017	0.0154765
0.253082	0.0154765	0.0155419
0.253082	0.0155419	0.0154742
0.253083	0.0154742	0.0154149
0.253332	0.0154149	0.015363
0.253332	0.015363	0.0153177
0.253332	0.0153177	0.015278
0.253332	0.015278	0.0152432
0.253333	0.0152432	0.0152128
0.254582	0.0152128	0.0153112
0.254582	0.0153112	0.0153973
0.254582	0.0153973	0.0154726
0.254582	0.0154726	0.0155386
0.254583	0.0155386	0.0155962
0.254583	0.0155962	0.0156467
0.254583	0.0156467	0.0156909
0.254583	0.0156909	0.0157295
0.254583	0.0157295	0.0157633
0.254583	0.0157633	0.0157929
0.254583	0.0157929	0.0158188
0.254583	0.0158188	0.0158414
0.254583	0.0158414	0.0157363
0.254583	0.0157363	0.0156442
0.254583	0.0156442	0.0155637
0.254583	0.0155637	0.0154932
0.254583	0.0154932	0.0154316
0.254583	0.0154316	0.0153776
0.255082	0.0153776	0.0154554
0.255082	0.0154554	0.0155235
0.255082	0.0155235	0.0155831
0.255082	0.0155831	0.0156352
0.255083	0.0156352	0.0156808
0.255332	0.0156808	0.0157207
0.255332	0.0157207	0.0157556
0.255332	0.0157556	0.0157861
0.255332	0.0157861	0.0158129
0.255333	0.0158129	0.0158363
0.255832	0.0158363	0.0157317
0.255832	0.0157317	0.0156403
0.255832	0.0156403	0.0155602
0.255832	0.0155602	0.0154902
0.255833	0.0154902	0.0154289
0.256582	0.0154289	0.0155003
0.256582	0.0155003	0.0155628
0.256582	0.0155628	0.0156174
0.256582	0.0156174	0.0156652
0.256583	0.0156652	0.0157071
0.256583	0.0157071	0.0157437
0.256583	0.0157437	0.0157757
0.256583	0.0157757	0.0158038
0.256583	0.0158038	0.0158283
0.256583	0.0158283	0.0158498
0.256583	0.0158498	0.0157435
0.256583	0.0157435	0.0156506
0.256583	0.0156506	0.0155693
0.256583	0.0155693	0.0154981
0.257082	0.0154981	0.0155608
0.257082	0.0155608	0.0156157
0.257082	0.0156157	0.0156638
0.257082	0.0156638	0.0157058
0.257083	0.0157058	0.0157426
0.257332	0.0157426	0.0157748
0.257332	0.0157748	0.0156779
0.257332	0.0156779	0.0155932
0.257332	0.0155932	0.015519
0.258582	0.015519	0.0155791
0.258582	0.0155791	0.0156318
0.258582	0.0156318	0.0156778
0.258582	0.0156778	0.0157181
0.258583	0.0157181	0.0157533
0.258583	0.0157533	0.0157841
0.258583	0.0157841	0.0158111
0.258583	0.0158111	0.0158347
0.258583	0.0158347	0.0158554
0.258583	0.0158554	0.0158735
0.258583	0.0158735	0.0158893
0.258583	0.0158893	0.0159031
0.258583	0.0159031	0.0159152
0.258583	0.0159152	0.0159258
0.258583	0.0159258	0.0159351
0.258583	0.0159351	0.0159432
0.258583	0.0159432	0.0158253
0.258583	0.0158253	0.0157221
0.259082	0.0157221	0.0157569
0.259082	0.0157569	0.0157873
0.259082	0.0157873	0.0158139
0.259082	0.0158139	0.0158371
0.259083	0.0158371	0.0158575
0.259083	0.0158575	0.0158753
0.259332	0.0158753	0.0158909
0.259332	0.0158909	0.0159045
0.259332	0.0159045	0.0159165
0.259332	0.0159165	0.0159269
0.259832	0.0159269	0.015936
0.259832	0.015936	0.015944
0.259832	0.015944	0.015951
0.259832	0.015951	0.0159571
0.259833	0.0159571	0.0158375
0.260582	0.0158375	0.0158578
0.260582	0.0158578	0.0158756
0.260582	0.0158756	0.0158911
0.260582	0.0158911	0.0159047
0.260583	0.0159047	0.0159167
0.260583	0.0159167	0.0159271
0.260583	0.0159271	0.0159362
0.260583	0.0159362	0.0159442
0.260583	0.0159442	0.0159511
0.260583	0.0159511	0.0159572
0.260583	0.0159572	0.0159626
0.260583	0.0159626	0.0159673
0.260583	0.0159673	0.0158464
0.260583	0.0158464	0.0157406
0.261082	0.0157406	0.015773
0.261082	0.015773	0.0158014
0.261082	0.0158014	0.0158262
0.261082	0.0158262	0.0158479
0.261083	0.0158479	0.0158669
0.261332	0.0158669	0.0158836
0.261332	0.0158836	0.0158981
0.261332	0.0158981	0.0159109
0.261332	0.0159109	0.015922
0.262582	0.015922	0.0159317
0.262582	0.0159317	0.0159403
0.262582	0.0159403	0.0159477
0.262582	0.0159477	0.0159543
0.262583	0.0159543	0.01596
0.262583	0.01596	0.015965
0.262583	0.015965	0.0159694
0.262583	0.0159694	0.0159732
0.262583	0.0159732	0.0159765
0.262583	0.0159765	0.0159795
0.262583	0.0159795	0.015982
0.262583	0.015982	0.0159843
0.262583	0.0159843	0.0159862
0.262583	0.0159862	0.015988
0.262583	0.015988	0.0159895
0.262583	0.0159895	0.0159908
0.262583	0.0159908	0.0159919
0.262583	0.0159919	0.0159929
0.263082	0.0159929	0.0161188
0.263082	0.0161188	0.016104
0.263082	0.016104	0.016091
0.263082	0.016091	0.0160796
0.263083	0.0160796	0.0160697
0.263083	0.0160697	0.0160609
0.263332	0.0160609	0.0160533
0.263332	0.0160533	0.0160467
0.263332	0.0160467	0.0160408
0.263332	0.0160408	0.0160357
0.263832	0.0160357	0.0160313
0.263832	0.0160313	0.0160273
0.263832	0.0160273	0.0160239
0.263832	0.0160239	0.0160209
0.263833	0.0160209	0.0160183
0.264582	0.0160183	0.016141
0.264582	0.016141	0.0162484
0.264582	0.0162484	0.0162173
0.264582	0.0162173	0.0161902
0.264583	0.0161902	0.0161664
0.264583	0.0161664	0.0161456
0.264583	0.0161456	0.0161274
0.264583	0.0161274	0.0161115
0.264583	0.0161115	0.0160975
0.264583	0.0160975	0.0160854
0.264583	0.0160854	0.0160747
0.264583	0.0160747	0.0160653
0.264583	0.0160653	0.0160572
0.264583	0.0160572	0.01605
0.265082	0.01605	0.0161688
0.265082	0.0161688	0.0162727
0.265082	0.0162727	0.0162386
0.265082	0.0162386	0.0162088
0.265083	0.0162088	0.0161827
0.265332	0.0161827	0.0161598
0.265332	0.0161598	0.0161399
0.265332	0.0161399	0.0161224
0.265332	0.0161224	0.0161071
0.266582	0.0161071	0.0162187
0.266582	0.0162187	0.0163164
0.266582	0.0163164	0.0164018
0.266582	0.0164018	0.0163516
0.266583	0.0163516	0.0163076
0.266583	0.0163076	0.0162692
0.266583	0.0162692	0.0162355
0.266583	0.0162355	0.0162061
0.266583	0.0162061	0.0161803
0.266583	0.0161803	0.0161578
0.266583	0.0161578	0.0161381
0.266583	0.0161381	0.0161208
0.266583	0.0161208	0.0161057
0.266583	0.0161057	0.0160925
0.266583	0.0160925	0.0160809
0.266583	0.0160809	0.0160708
0.266583	0.0160708	0.016062
0.266583	0.016062	0.0160542
0.267082	0.0160542	0.0161724
0.267082	0.0161724	0.0162759
0.267082	0.0162759	0.0163664
0.267082	0.0163664	0.0164456
0.267083	0.0164456	0.0163899
0.267083	0.0163899	0.0163412
0.267332	0.0163412	0.0162985
0.267332	0.0162985	0.0162612
0.267332	0.0162612	0.0162285
0.267332	0.0162285	0.0162
0.267333	0.0162	0.016175
0.267832	0.016175	0.0161531
0.267832	0.0161531	0.016134
0.267832	0.016134	0.0161172
0.267832	0.0161172	0.0161026
0.268582	0.0161026	0.0162147
0.268582	0.0162147	0.0163129
0.268582	0.0163129	0.0163988
0.268582	0.0163988	0.0164739
0.268583	0.0164739	0.0164147
0.268583	0.0164147	0.0163629
0.268583	0.0163629	0.0163175
0.268583	0.0163175	0.0162778
0.268583	0.0162778	0.0162431
0.268583	0.0162431	0.0162127
0.268583	0.0162127	0.0161861
0.268583	0.0161861	0.0161628
0.268583	0.0161628	0.0161425
0.268583	0.0161425	0.0161247
0.269082	0.0161247	0.0162341
0.269082	0.0162341	0.0163298
0.269082	0.0163298	0.0164136
0.269082	0.0164136	0.0164869
0.269083	0.0164869	0.016426
0.269332	0.016426	0.0163728
0.269332	0.0163728	0.0163262
0.269332	0.0163262	0.0162854
0.269332	0.0162854	0.0162497
0.269333	0.0162497	0.0162185
0.270582	0.0162185	0.0163162
0.270582	0.0163162	0.0164017
0.270582	0.0164017	0.0164765
0.270582	0.0164765	0.0165419
0.270583	0.0165419	0.0165992
0.270583	0.0165992	0.0165243
0.270583	0.0165243	0.0164587
0.270583	0.0164587	0.0164014
0.270583	0.0164014	0.0163512
0.270583	0.0163512	0.0163073
0.270583	0.0163073	0.0162689
0.270583	0.0162689	0.0162353
0.270583	0.0162353	0.0162059
0.270583	0.0162059	0.0161801
0.270583	0.0161801	0.0161576
0.270583	0.0161576	0.0161379
0.270583	0.0161379	0.0161207
0.270583	0.0161207	0.0161056
0.271082	0.0161056	0.0162174
0.271082	0.0162174	0.0163152
0.271082	0.0163152	0.0164008
0.271082	0.0164008	0.0164757
0.271083	0.0164757	0.0165412
0.271332	0.0165412	0.0164736
0.271332	0.0164736	0.0164144
0.271332	0.0164144	0.0163626
0.271332	0.0163626	0.0163173
0.271333	0.0163173	0.0162776
0.271832	0.0162776	0.0162429
0.271832	0.0162429	0.0162125
0.271832	0.0162125	0.016186
0.271832	0.016186	0.0161627
0.271833	0.0161627	0.0161424
0.272582	0.0161424	0.0162496
0.272582	0.0162496	0.0163434
0.272582	0.0163434	0.0164255
0.272582	0.0164255	0.0164973
0.272583	0.0164973	0.0165601
0.272583	0.0165601	0.0166151
0.272583	0.0166151	0.0165382
0.272583	0.0165382	0.0164709
0.272583	0.0164709	0.0164121
0.272583	0.0164121	0.0163606
0.272583	0.0163606	0.0163155
0.272583	0.0163155	0.0162761
0.272583	0.0162761	0.0162415
0.272583	0.0162415	0.0162114
0.273082	0.0162114	0.0163099
0.273082	0.0163099	0.0163962
0.273082	0.0163962	0.0164717
0.273082	0.0164717	0.0165377
0.273332	0.0165377	0.0165955
0.273332	0.0165955	0.0166461
0.273332	0.0166461	0.0166903
0.273332	0.0166903	0.016604
0.273333	0.016604	0.0165285
0.274582	0.0165285	0.0165874
0.274582	0.0165874	0.016639
0.274582	0.016639	0.0166841
0.274582	0.0166841	0.0167236
0.274583	0.0167236	0.0167582
0.274583	0.0167582	0.0167884
0.274583	0.0167884	0.0168148
0.274583	0.0168148	0.016713
0.274583	0.016713	0.0166239
0.274583	0.0166239	0.0165459
0.274583	0.0165459	0.0164776
0.274583	0.0164776	0.0164179
0.274583	0.0164179	0.0163657
0.274583	0.0163657	0.01632
0.274583	0.01632	0.01628
0.274583	0.01628	0.016245
0.274583	0.016245	0.0162144
0.274583	0.0162144	0.0161876
0.275082	0.0161876	0.0162891
0.275082	0.0162891	0.016378
0.275082	0.016378	0.0164557
0.275082	0.0164557	0.0165238
0.275083	0.0165238	0.0165833
0.275332	0.0165833	0.0166354
0.275332	0.0166354	0.016681
0.275332	0.016681	0.0167208
0.275332	0.0167208	0.0166307
0.275333	0.0166307	0.0165519
0.275832	0.0165519	0.0164829
0.275832	0.0164829	0.0164225
0.275832	0.0164225	0.0163697
0.275832	0.0163697	0.0163235
0.275833	0.0163235	0.0162831
0.276582	0.0162831	0.0163727
0.276582	0.0163727	0.0164511
0.276582	0.0164511	0.0165197
0.276582	0.0165197	0.0165797
0.276583	0.0165797	0.0166323
0.276583	0.0166323	0.0166782
0.276583	0.0166782	0.0167185
0.276583	0.0167185	0.0167537
0.276583	0.0167537	0.0167844
0.276583	0.0167844	0.0166864
0.276583	0.0166864	0.0166006
0.276583	0.0166006	0.0165255
0.276583	0.0165255	0.0164598
0.276583	0.0164598	0.0164023
0.277082	0.0164023	0.0164771
0.277082	0.0164771	0.0165424
0.277082	0.0165424	0.0165996
0.277082	0.0165996	0.0166497
0.277083	0.0166497	0.0166935
0.277332	0.0166935	0.0167318
0.277332	0.0167318	0.0167653
0.277332	0.0167653	0.0167946
0.277332	0.0167946	0.0168203
0.278582	0.0168203	0.0169678
0.278582	0.0169678	0.0169718
0.278582	0.0169718	0.0169753
0.278582	0.0169753	0.0169784
0.278583	0.0169784	0.0169811
0.278583	0.0169811	0.0169835
0.278583	0.0169835	0.0169855
0.278583	0.0169855	0.0169873
0.278583	0.0169873	0.0169889
0.278583	0.0169889	0.0169903
0.278583	0.0169903	0.0168665
0.278583	0.0168665	0.0167582
0.278583	0.0167582	0.0166634
