DL/UL	time	frame	subF	slot	1stSym	symbol#	cellId	rnti	ccId	tbSize	mcs	rv	SINR(dB)	corrupt	TBler
DL	0.00405357	0	4	0	1	2	1	1	0	58	0	0	36.8242	0	0
UL	0.00505357	0	5	0	1	2	1	1	0	58	0	0	26.049 	0	0
DL	0.00578571	0	5	3	1	1	1	1	0	1052	28	0	37.4249	0	0
DL	0.0342321	3	4	0	1	12	1	1	0	363	0	0	36.1759	0	0
DL	0.0344821	3	4	1	1	12	1	1	0	363	0	0	34.5677	0	0
DL	0.0347321	3	4	2	1	12	1	1	0	363	0	0	34.5489	0	0
DL	0.0349821	3	4	3	1	12	1	1	0	12612	28	0	34.5328	0	0
DL	0.0352321	3	5	0	1	12	1	1	0	12612	28	0	34.5094	0	0
DL	0.0354464	3	5	1	1	10	1	1	0	10511	28	0	36.7842	0	0
UL	0.0354821	3	5	1	11	2	1	1	0	58	0	0	26.7863 	0	0
DL	0.0356964	3	5	2	1	10	1	1	0	10511	28	0	36.7828	0	0
UL	0.0357321	3	5	2	11	2	1	1	0	58	0	0	26.7745 	0	0
DL	0.0359464	3	5	3	1	10	1	1	0	10511	28	0	36.7675	0	0
UL	0.0359821	3	5	3	11	2	1	1	0	58	0	0	26.7618 	0	0
DL	0.0362321	3	6	0	1	12	1	1	0	12612	28	0	36.7634	0	0
DL	0.0364821	3	6	1	1	12	1	1	0	12612	28	0	36.7573	0	0
DL	0.0367321	3	6	2	1	12	1	1	0	12612	28	0	35.8406	0	0
DL	0.0369643	3	6	3	1	11	1	1	0	11560	28	0	35.8558	0	0
UL	0.0369821	3	6	3	12	1	1	1	0	1052	28	0	25.862 	0	0
DL	0.0372143	3	7	0	1	11	1	1	0	11560	28	0	35.8465	0	0
UL	0.0372321	3	7	0	12	1	1	1	0	1052	28	0	25.8617 	0	0
DL	0.0374643	3	7	1	1	11	1	1	0	11560	28	0	35.8623	0	0
UL	0.0374821	3	7	1	12	1	1	1	0	1052	28	0	25.8507 	0	0
DL	0.0377321	3	7	2	1	12	1	1	0	12612	28	0	36.3837	0	0
DL	0.0377857	3	7	3	1	1	1	1	0	1052	28	0	36.4008	0	0
DL	0.0382321	3	8	0	1	12	1	1	0	12612	28	0	36.3966	0	0
DL	0.0384821	3	8	1	1	12	1	1	0	12612	28	0	36.4206	0	0
DL	0.0387143	3	8	2	1	11	1	1	0	11560	28	0	36.788	0	0
UL	0.0387321	3	8	2	12	1	1	1	0	1052	28	0	26.7682 	0	0
DL	0.0389643	3	8	3	1	11	1	1	0	11560	28	0	36.7936	0	0
UL	0.0389821	3	8	3	12	1	1	1	0	1052	28	0	26.7841 	0	0
DL	0.0392321	3	9	0	1	12	1	1	0	12612	28	0	36.802	0	0
DL	0.0394821	3	9	1	1	12	1	1	0	12612	28	0	36.7806	0	0
DL	0.0397321	3	9	2	1	12	1	1	0	12612	28	0	35.9436	0	0
DL	0.0399821	3	9	3	1	12	1	1	0	12612	28	0	35.9434	0	0
DL	0.0402321	4	0	0	1	12	1	1	0	12612	28	0	35.9266	0	0
DL	0.0404643	4	0	1	1	11	1	1	0	11560	28	0	35.9062	0	0
UL	0.0404821	4	0	1	12	1	1	1	0	1052	28	0	25.9198 	0	0
DL	0.0407143	4	0	2	1	11	1	1	0	11560	28	0	35.933	0	0
UL	0.0407321	4	0	2	12	1	1	1	0	1052	28	0	24.8512 	0	0
DL	0.0409643	4	0	3	1	11	1	1	0	11560	28	0	34.9319	0	0
UL	0.0409821	4	0	3	12	1	1	1	0	1052	28	0	24.8503 	0	0
DL	0.0412321	4	1	0	1	12	1	1	0	12612	28	0	34.9441	0	0
DL	0.0414821	4	1	1	1	12	1	1	0	12612	28	0	34.9592	0	0
DL	0.0417321	4	1	2	1	12	1	1	0	12612	28	0	34.9766	0	0
DL	0.0419821	4	1	3	1	12	1	1	0	12612	28	0	35.7747	0	0
DL	0.0422143	4	2	0	1	11	1	1	0	11560	28	0	35.7416	0	0
UL	0.0422321	4	2	0	12	1	1	1	0	1052	28	0	25.9823 	0	0
DL	0.0424643	4	2	1	1	11	1	1	0	11560	28	0	35.7356	0	0
UL	0.0424821	4	2	1	12	1	1	1	0	1052	28	0	25.9722 	0	0
DL	0.0427143	4	2	2	1	11	1	1	0	11560	28	0	35.7211	0	0
UL	0.0427321	4	2	2	12	1	1	1	0	1052	28	0	25.9655 	0	0
DL	0.0429821	4	2	3	1	12	1	1	0	12612	28	0	33.027	0	0
DL	0.0432321	4	3	0	1	12	1	1	0	12612	28	0	33.0344	0	0
DL	0.0434821	4	3	1	1	12	1	1	0	12612	28	0	33.0148	0	0
DL	0.0437321	4	3	2	1	12	1	1	0	12612	28	0	33.0063	0	0
DL	0.0439643	4	3	3	1	11	1	1	0	11560	28	0	35.8666	0	0
UL	0.0439821	4	3	3	12	1	1	1	0	1052	28	0	25.897 	0	0
DL	0.0442143	4	4	0	1	11	1	1	0	11560	28	0	35.8923	0	0
UL	0.0442321	4	4	0	12	1	1	1	0	1052	28	0	25.9019 	0	0
DL	0.0444643	4	4	1	1	11	1	1	0	11560	28	0	35.8943	0	0
UL	0.0444821	4	4	1	12	1	1	1	0	1052	28	0	25.8811 	0	0
DL	0.0447321	4	4	2	1	12	1	1	0	12612	28	0	35.8713	0	0
DL	0.0449821	4	4	3	1	12	1	1	0	12612	28	0	35.8405	0	0
DL	0.0452321	4	5	0	1	12	1	1	0	12612	28	0	36.7021	0	0
DL	0.0454821	4	5	1	1	12	1	1	0	12612	28	0	36.6961	0	0
DL	0.0457143	4	5	2	1	11	1	1	0	11560	28	0	36.7059	0	0
UL	0.0457321	4	5	2	12	1	1	1	0	1052	28	0	26.7012 	0	0
DL	0.0459643	4	5	3	1	11	1	1	0	11560	28	0	36.6999	0	0
UL	0.0459821	4	5	3	12	1	1	1	0	1052	28	0	26.6794 	0	0
DL	0.0462143	4	6	0	1	11	1	1	0	11560	28	0	36.6851	0	0
UL	0.0462321	4	6	0	12	1	1	1	0	1052	28	0	26.6427 	0	0
DL	0.0464821	4	6	1	1	12	1	1	0	12612	28	0	36.6626	0	0
DL	0.0467321	4	6	2	1	12	1	1	0	12612	28	0	36.6469	0	0
DL	0.0469821	4	6	3	1	12	1	1	0	12612	28	0	36.6383	0	0
DL	0.0472321	4	7	0	1	12	1	1	0	12612	28	0	36.6537	0	0
DL	0.0474643	4	7	1	1	11	1	1	0	11560	28	0	36.6522	0	0
UL	0.0474821	4	7	1	12	1	1	1	0	1052	28	0	26.6415 	0	0
DL	0.0477143	4	7	2	1	11	1	1	0	11560	28	0	36.6429	0	0
UL	0.0477321	4	7	2	12	1	1	1	0	1052	28	0	26.6335 	0	0
DL	0.0479643	4	7	3	1	11	1	1	0	11560	28	0	36.652	0	0
UL	0.0479821	4	7	3	12	1	1	1	0	1052	28	0	26.6437 	0	0
DL	0.0482321	4	8	0	1	12	1	1	0	12612	28	0	36.7692	0	0
DL	0.0484821	4	8	1	1	12	1	1	0	12612	28	0	36.7929	0	0
DL	0.0487321	4	8	2	1	12	1	1	0	12612	28	0	36.7885	0	0
DL	0.0489821	4	8	3	1	12	1	1	0	12612	28	0	36.7924	0	0
DL	0.0492143	4	9	0	1	11	1	1	0	11560	28	0	36.9402	0	0
UL	0.0492321	4	9	0	12	1	1	1	0	1052	28	0	26.984 	0	0
DL	0.0494643	4	9	1	1	11	1	1	0	11560	28	0	36.9719	0	0
UL	0.0494821	4	9	1	12	1	1	1	0	1052	28	0	26.9918 	0	0
DL	0.0497143	4	9	2	1	11	1	1	0	11560	28	0	36.9818	0	0
UL	0.0497321	4	9	2	12	1	1	1	0	1052	28	0	26.9711 	0	0
DL	0.0499821	4	9	3	1	12	1	1	0	12612	28	0	36.977	0	0
DL	0.0502321	5	0	0	1	12	1	1	0	12612	28	0	36.9837	0	0
DL	0.0504821	5	0	1	1	12	1	1	0	12612	28	0	35.2256	0	0
DL	0.0507321	5	0	2	1	12	1	1	0	12612	28	0	35.2379	0	0
DL	0.0509643	5	0	3	1	11	1	1	0	11560	28	0	35.2758	0	0
UL	0.0509821	5	0	3	12	1	1	1	0	1052	28	0	25.2938 	0	1.77636e-14
DL	0.0512143	5	1	0	1	11	1	1	0	11560	28	0	35.3025	0	0
UL	0.0512321	5	1	0	12	1	1	1	0	1052	28	0	25.3067 	0	3.55271e-14
DL	0.0514643	5	1	1	1	11	1	1	0	11560	28	0	36.2359	0	0
UL	0.0514821	5	1	1	12	1	1	1	0	1052	28	0	26.0601 	0	0
DL	0.0517321	5	1	2	1	12	1	1	0	12612	28	0	36.2507	0	0
DL	0.0519821	5	1	3	1	12	1	1	0	12612	28	0	36.2755	0	0
DL	0.0522321	5	2	0	1	12	1	1	0	12612	28	0	36.2608	0	0
DL	0.0524821	5	2	1	1	12	1	1	0	12612	28	0	36.4506	0	0
DL	0.0527143	5	2	2	1	11	1	1	0	11560	28	0	36.4585	0	0
UL	0.0527321	5	2	2	12	1	1	1	0	1052	28	0	26.4285 	0	0
DL	0.0529643	5	2	3	1	11	1	1	0	11560	28	0	36.4483	0	0
UL	0.0529821	5	2	3	12	1	1	1	0	1052	28	0	26.4208 	0	0
DL	0.0532143	5	3	0	1	11	1	1	0	11560	28	0	36.4371	0	0
UL	0.0532321	5	3	0	12	1	1	1	0	1052	28	0	26.4281 	0	0
DL	0.0534821	5	3	1	1	12	1	1	0	12612	28	0	36.4382	0	0
DL	0.0537321	5	3	2	1	12	1	1	0	12612	28	0	36.3464	0	0
DL	0.0539821	5	3	3	1	12	1	1	0	12612	28	0	36.355	0	0
DL	0.0542321	5	4	0	1	12	1	1	0	12612	28	0	36.3633	0	0
DL	0.0544643	5	4	1	1	11	1	1	0	11560	28	0	36.3631	0	0
UL	0.0544821	5	4	1	12	1	1	1	0	1052	28	0	26.3734 	0	0
DL	0.0547143	5	4	2	1	11	1	1	0	11560	28	0	37.2007	0	0
UL	0.0547321	5	4	2	12	1	1	1	0	1052	28	0	27.2246 	0	0
DL	0.0549643	5	4	3	1	11	1	1	0	11560	28	0	37.2346	0	0
UL	0.0549821	5	4	3	12	1	1	1	0	1052	28	0	27.2401 	0	0
DL	0.0552321	5	5	0	1	12	1	1	0	12612	28	0	37.2402	0	0
DL	0.0554821	5	5	1	1	12	1	1	0	12612	28	0	37.2512	0	0
DL	0.0557321	5	5	2	1	12	1	1	0	12612	28	0	36.7534	0	0
DL	0.0559821	5	5	3	1	12	1	1	0	12612	28	0	36.766	0	0
DL	0.0562143	5	6	0	1	11	1	1	0	11560	28	0	36.7426	0	0
UL	0.0562321	5	6	0	12	1	1	1	0	1052	28	0	26.7195 	0	0
DL	0.0564643	5	6	1	1	11	1	1	0	11560	28	0	36.7312	0	0
UL	0.0564821	5	6	1	12	1	1	1	0	1052	28	0	26.7059 	0	0
DL	0.0567143	5	6	2	1	11	1	1	0	11560	28	0	36.7099	0	0
UL	0.0567321	5	6	2	12	1	1	1	0	1052	28	0	25.9862 	0	0
DL	0.0569821	5	6	3	1	12	1	1	0	12612	28	0	36.1345	0	0
DL	0.0572321	5	7	0	1	12	1	1	0	12612	28	0	36.1134	0	0
DL	0.0574821	5	7	1	1	12	1	1	0	12612	28	0	36.0711	0	0
DL	0.0577321	5	7	2	1	12	1	1	0	12612	28	0	36.0209	0	0
DL	0.0579643	5	7	3	1	11	1	1	0	11560	28	0	36.7676	0	0
UL	0.0579821	5	7	3	12	1	1	1	0	1052	28	0	26.7654 	0	0
DL	0.0582143	5	8	0	1	11	1	1	0	11560	28	0	36.7639	0	0
UL	0.0582321	5	8	0	12	1	1	1	0	1052	28	0	26.7758 	0	0
DL	0.0584643	5	8	1	1	11	1	1	0	11560	28	0	36.7641	0	0
UL	0.0584821	5	8	1	12	1	1	1	0	1052	28	0	26.7858 	0	0
DL	0.0587321	5	8	2	1	12	1	1	0	12612	28	0	36.7662	0	0
DL	0.0589821	5	8	3	1	12	1	1	0	12612	28	0	35.1375	0	0
DL	0.0592321	5	9	0	1	12	1	1	0	12612	28	0	35.1089	0	0
DL	0.0594821	5	9	1	1	12	1	1	0	12612	28	0	35.1143	0	0
DL	0.0597143	5	9	2	1	11	1	1	0	11560	28	0	35.1023	0	0
UL	0.0597321	5	9	2	12	1	1	1	0	1052	28	0	25.0986 	0	0
DL	0.0599643	5	9	3	1	11	1	1	0	11560	28	0	37.7076	0	0
UL	0.0599821	5	9	3	12	1	1	1	0	1052	28	0	27.7137 	0	0
DL	0.0602143	6	0	0	1	11	1	1	0	11560	28	0	37.7176	0	0
UL	0.0602321	6	0	0	12	1	1	1	0	1052	28	0	27.7143 	0	0
DL	0.0604821	6	0	1	1	12	1	1	0	12612	28	0	37.7072	0	0
DL	0.0607321	6	0	2	1	12	1	1	0	12612	28	0	37.6981	0	0
DL	0.0609821	6	0	3	1	12	1	1	0	12612	28	0	37.7356	0	0
DL	0.0612321	6	1	0	1	12	1	1	0	12612	28	0	36.1406	0	0
DL	0.0614643	6	1	1	1	11	1	1	0	11560	28	0	36.1493	0	0
UL	0.0614821	6	1	1	12	1	1	1	0	1052	28	0	26.4007 	0	0
DL	0.0617143	6	1	2	1	11	1	1	0	11560	28	0	36.1443	0	0
UL	0.0617321	6	1	2	12	1	1	1	0	1052	28	0	26.4071 	0	0
DL	0.0619643	6	1	3	1	11	1	1	0	11560	28	0	36.1575	0	0
UL	0.0619821	6	1	3	12	1	1	1	0	1052	28	0	26.4201 	0	0
DL	0.0622321	6	2	0	1	12	1	1	0	12612	28	0	36.456	0	0
DL	0.0624821	6	2	1	1	12	1	1	0	12612	28	0	36.4449	0	0
DL	0.0627321	6	2	2	1	12	1	1	0	12612	28	0	36.4579	0	0
DL	0.0629821	6	2	3	1	12	1	1	0	12612	28	0	36.4677	0	0
DL	0.0632143	6	3	0	1	11	1	1	0	11560	28	0	35.8704	0	0
UL	0.0632321	6	3	0	12	1	1	1	0	1052	28	0	25.9088 	0	0
DL	0.0634643	6	3	1	1	11	1	1	0	11560	28	0	35.9281	0	0
UL	0.0634821	6	3	1	12	1	1	1	0	1052	28	0	25.8896 	0	0
DL	0.0637143	6	3	2	1	11	1	1	0	11560	28	0	35.9824	0	0
UL	0.0637321	6	3	2	12	1	1	1	0	1052	28	0	25.9206 	0	0
DL	0.0639821	6	3	3	1	12	1	1	0	12612	28	0	36.0768	0	0
DL	0.0642321	6	4	0	1	12	1	1	0	12612	28	0	35.3104	0	0
DL	0.0644821	6	4	1	1	12	1	1	0	12612	28	0	35.3304	0	0
DL	0.0647321	6	4	2	1	12	1	1	0	12612	28	0	35.301	0	0
DL	0.0649643	6	4	3	1	11	1	1	0	11560	28	0	35.3117	0	0
UL	0.0649821	6	4	3	12	1	1	1	0	1052	28	0	25.2771 	0	0
DL	0.0652143	6	5	0	1	11	1	1	0	11560	28	0	36.4688	0	0
UL	0.0652321	6	5	0	12	1	1	1	0	1052	28	0	26.4405 	0	0
DL	0.0654643	6	5	1	1	11	1	1	0	11560	28	0	36.4489	0	0
UL	0.0654821	6	5	1	12	1	1	1	0	1052	28	0	26.4345 	0	0
DL	0.0657321	6	5	2	1	12	1	1	0	12612	28	0	36.4467	0	0
DL	0.0659821	6	5	3	1	12	1	1	0	12612	28	0	36.4596	0	0
DL	0.0662321	6	6	0	1	12	1	1	0	12612	28	0	36.4916	0	0
DL	0.0664821	6	6	1	1	12	1	1	0	12612	28	0	36.8136	0	0
DL	0.0667143	6	6	2	1	11	1	1	0	11560	28	0	36.8092	0	0
UL	0.0667321	6	6	2	12	1	1	1	0	1052	28	0	26.8005 	0	0
DL	0.0669643	6	6	3	1	11	1	1	0	11560	28	0	36.8101	0	0
UL	0.0669821	6	6	3	12	1	1	1	0	1052	28	0	26.8056 	0	0
DL	0.0672143	6	7	0	1	11	1	1	0	11560	28	0	36.8321	0	0
UL	0.0672321	6	7	0	12	1	1	1	0	1052	28	0	26.7902 	0	0
DL	0.0674821	6	7	1	1	12	1	1	0	12612	28	0	37.2298	0	0
DL	0.0677321	6	7	2	1	12	1	1	0	12612	28	0	37.1981	0	0
DL	0.0679821	6	7	3	1	12	1	1	0	12612	28	0	37.1746	0	0
DL	0.0682321	6	8	0	1	12	1	1	0	12612	28	0	37.138	0	0
DL	0.0684643	6	8	1	1	11	1	1	0	11560	28	0	36.1613	0	0
UL	0.0684821	6	8	1	12	1	1	1	0	1052	28	0	23.7436 	0	0
DL	0.0687143	6	8	2	1	11	1	1	0	11560	28	0	36.1902	0	0
UL	0.0687321	6	8	2	12	1	1	1	0	1052	28	0	23.7618 	0	0
DL	0.0689643	6	8	3	1	11	1	1	0	11560	28	0	36.1951	0	0
UL	0.0689821	6	8	3	12	1	1	1	0	1052	28	0	26.1672 	0	0
DL	0.0692321	6	9	0	1	12	1	1	0	12612	28	0	36.1816	0	0
DL	0.0694821	6	9	1	1	12	1	1	0	12612	28	0	36.1714	0	0
DL	0.0697321	6	9	2	1	12	1	1	0	12612	28	0	36.2108	0	0
DL	0.0699821	6	9	3	1	12	1	1	0	12612	28	0	36.2398	0	0
DL	0.0702143	7	0	0	1	11	1	1	0	11560	28	0	36.2393	0	0
UL	0.0702321	7	0	0	12	1	1	1	0	1052	28	0	26.2495 	0	0
DL	0.0704643	7	0	1	1	11	1	1	0	11560	28	0	36.2489	0	0
UL	0.0704821	7	0	1	12	1	1	1	0	1052	28	0	26.2575 	0	0
DL	0.0707143	7	0	2	1	11	1	1	0	11560	28	0	37.0888	0	0
UL	0.0707321	7	0	2	12	1	1	1	0	1052	28	0	27.0777 	0	0
DL	0.0709821	7	0	3	1	12	1	1	0	12612	28	0	37.0858	0	0
DL	0.0712321	7	1	0	1	12	1	1	0	12612	28	0	37.0989	0	0
DL	0.0714821	7	1	1	1	12	1	1	0	12612	28	0	37.1127	0	0
DL	0.0717321	7	1	2	1	12	1	1	0	12612	28	0	37.2364	0	0
DL	0.0719643	7	1	3	1	11	1	1	0	11560	28	0	37.2111	0	0
UL	0.0719821	7	1	3	12	1	1	1	0	1052	28	0	27.3444 	0	0
DL	0.0722143	7	2	0	1	11	1	1	0	11560	28	0	37.2288	0	0
UL	0.0722321	7	2	0	12	1	1	1	0	1052	28	0	27.3279 	0	0
DL	0.0724643	7	2	1	1	11	1	1	0	11560	28	0	37.2203	0	0
UL	0.0724821	7	2	1	12	1	1	1	0	1052	28	0	27.33 	0	0
DL	0.0727321	7	2	2	1	12	1	1	0	12612	28	0	37.2407	0	0
DL	0.0729821	7	2	3	1	12	1	1	0	12612	28	0	35.2132	0	0
DL	0.0732321	7	3	0	1	12	1	1	0	12612	28	0	35.2312	0	0
DL	0.0734821	7	3	1	1	12	1	1	0	12612	28	0	35.243	0	0
DL	0.0737143	7	3	2	1	11	1	1	0	11560	28	0	35.2545	0	0
UL	0.0737321	7	3	2	12	1	1	1	0	1052	28	0	25.2584 	0	0
DL	0.0739643	7	3	3	1	11	1	1	0	11560	28	0	36.2634	0	0
UL	0.0739821	7	3	3	12	1	1	1	0	1052	28	0	26.2361 	0	0
DL	0.0742143	7	4	0	1	11	1	1	0	11560	28	0	36.2717	0	0
UL	0.0742321	7	4	0	12	1	1	1	0	1052	28	0	26.223 	0	0
DL	0.0744821	7	4	1	1	12	1	1	0	12612	28	0	36.2749	0	0
DL	0.0747321	7	4	2	1	12	1	1	0	12612	28	0	36.2985	0	0
DL	0.0749821	7	4	3	1	12	1	1	0	12612	28	0	36.6116	0	0
DL	0.0752321	7	5	0	1	12	1	1	0	12612	28	0	36.5984	0	0
DL	0.0754643	7	5	1	1	11	1	1	0	11560	28	0	36.5978	0	0
UL	0.0754821	7	5	1	12	1	1	1	0	1052	28	0	26.6221 	0	0
DL	0.0757143	7	5	2	1	11	1	1	0	11560	28	0	36.6216	0	0
UL	0.0757321	7	5	2	12	1	1	1	0	1052	28	0	26.6135 	0	0
DL	0.0759643	7	5	3	1	11	1	1	0	11560	28	0	36.6057	0	0
UL	0.0759821	7	5	3	12	1	1	1	0	1052	28	0	24.7416 	0	0
DL	0.0762321	7	6	0	1	12	1	1	0	12612	28	0	34.7804	0	0
DL	0.0764821	7	6	1	1	12	1	1	0	12612	28	0	34.7813	0	0
DL	0.0767321	7	6	2	1	12	1	1	0	12612	28	0	34.7898	0	0
DL	0.0769821	7	6	3	1	12	1	1	0	12612	28	0	34.7627	0	0
DL	0.0772143	7	7	0	1	11	1	1	0	11560	28	0	36.7729	0	0
UL	0.0772321	7	7	0	12	1	1	1	0	1052	28	0	26.764 	0	0
DL	0.0774643	7	7	1	1	11	1	1	0	11560	28	0	36.7916	0	0
UL	0.0774821	7	7	1	12	1	1	1	0	1052	28	0	26.7859 	0	0
DL	0.0777143	7	7	2	1	11	1	1	0	11560	28	0	36.8141	0	0
UL	0.0777321	7	7	2	12	1	1	1	0	1052	28	0	26.7889 	0	0
DL	0.0779821	7	7	3	1	12	1	1	0	12612	28	0	36.8072	0	0
DL	0.0782321	7	8	0	1	12	1	1	0	12612	28	0	35.3908	0	0
DL	0.0784821	7	8	1	1	12	1	1	0	12612	28	0	35.3781	0	0
DL	0.0787321	7	8	2	1	12	1	1	0	12612	28	0	35.3343	0	0
DL	0.0789643	7	8	3	1	11	1	1	0	11560	28	0	35.3163	0	0
UL	0.0789821	7	8	3	12	1	1	1	0	1052	28	0	25.3723 	0	0
DL	0.0792143	7	9	0	1	11	1	1	0	11560	28	0	35.2402	0	0
UL	0.0792321	7	9	0	12	1	1	1	0	1052	28	0	25.2639 	0	0
DL	0.0794643	7	9	1	1	11	1	1	0	11560	28	0	35.2766	0	0
UL	0.0794821	7	9	1	12	1	1	1	0	1052	28	0	25.2981 	0	0
DL	0.0797321	7	9	2	1	12	1	1	0	12612	28	0	35.3046	0	0
DL	0.0799821	7	9	3	1	12	1	1	0	12612	28	0	35.3163	0	0
DL	0.0802321	8	0	0	1	12	1	1	0	12612	28	0	35.3348	0	0
DL	0.0804821	8	0	1	1	12	1	1	0	12612	28	0	36.5269	0	0
DL	0.0807143	8	0	2	1	11	1	1	0	11560	28	0	36.5095	0	0
UL	0.0807321	8	0	2	12	1	1	1	0	1052	28	0	26.5094 	0	0
DL	0.0809643	8	0	3	1	11	1	1	0	11560	28	0	36.5005	0	0
UL	0.0809821	8	0	3	12	1	1	1	0	1052	28	0	26.4944 	0	0
DL	0.0812143	8	1	0	1	11	1	1	0	11560	28	0	36.4757	0	0
UL	0.0812321	8	1	0	12	1	1	1	0	1052	28	0	26.471 	0	0
DL	0.0814821	8	1	1	1	12	1	1	0	12612	28	0	37.69	0	0
DL	0.0817321	8	1	2	1	12	1	1	0	12612	28	0	37.6736	0	0
DL	0.0819821	8	1	3	1	12	1	1	0	12612	28	0	37.6581	0	0
DL	0.0822321	8	2	0	1	12	1	1	0	12612	28	0	37.6111	0	0
DL	0.0824643	8	2	1	1	11	1	1	0	11560	28	0	37.18	0	0
UL	0.0824821	8	2	1	12	1	1	1	0	1052	28	0	27.2889 	0	0
DL	0.0827143	8	2	2	1	11	1	1	0	11560	28	0	37.2061	0	0
UL	0.0827321	8	2	2	12	1	1	1	0	1052	28	0	27.3119 	0	0
DL	0.0829643	8	2	3	1	11	1	1	0	11560	28	0	37.2161	0	0
UL	0.0829821	8	2	3	12	1	1	1	0	1052	28	0	27.3286 	0	0
DL	0.0832321	8	3	0	1	12	1	1	0	12612	28	0	37.2396	0	0
DL	0.0834821	8	3	1	1	12	1	1	0	12612	28	0	37.2466	0	0
DL	0.0837321	8	3	2	1	12	1	1	0	12612	28	0	35.7438	0	0
DL	0.0839821	8	3	3	1	12	1	1	0	12612	28	0	35.7169	0	0
DL	0.0842143	8	4	0	1	11	1	1	0	11560	28	0	35.7099	0	0
UL	0.0842321	8	4	0	12	1	1	1	0	1052	28	0	25.7287 	0	0
DL	0.0844643	8	4	1	1	11	1	1	0	11560	28	0	35.7134	0	0
UL	0.0844821	8	4	1	12	1	1	1	0	1052	28	0	25.7174 	0	0
DL	0.0847143	8	4	2	1	11	1	1	0	11560	28	0	36.5868	0	0
UL	0.0847321	8	4	2	12	1	1	1	0	1052	28	0	26.6225 	0	0
DL	0.0849821	8	4	3	1	12	1	1	0	12612	28	0	36.6061	0	0
DL	0.0852321	8	5	0	1	12	1	1	0	12612	28	0	36.5956	0	0
DL	0.0854821	8	5	1	1	12	1	1	0	12612	28	0	36.601	0	0
DL	0.0857321	8	5	2	1	12	1	1	0	12612	28	0	36.177	0	0
DL	0.0859643	8	5	3	1	11	1	1	0	11560	28	0	36.1762	0	0
UL	0.0859821	8	5	3	12	1	1	1	0	1052	28	0	26.1234 	0	0
DL	0.0862143	8	6	0	1	11	1	1	0	11560	28	0	36.169	0	0
UL	0.0862321	8	6	0	12	1	1	1	0	1052	28	0	26.1168 	0	0
DL	0.0864643	8	6	1	1	11	1	1	0	11560	28	0	36.1565	0	0
UL	0.0864821	8	6	1	12	1	1	1	0	1052	28	0	26.1174 	0	0
DL	0.0867321	8	6	2	1	12	1	1	0	12612	28	0	36.1495	0	0
DL	0.0869821	8	6	3	1	12	1	1	0	12612	28	0	37.8832	0	0
DL	0.0872321	8	7	0	1	12	1	1	0	12612	28	0	37.9007	0	0
DL	0.0874821	8	7	1	1	12	1	1	0	12612	28	0	37.9001	0	0
DL	0.0877143	8	7	2	1	11	1	1	0	11560	28	0	37.9348	0	0
UL	0.0877321	8	7	2	12	1	1	1	0	1052	28	0	27.9035 	0	0
DL	0.0879643	8	7	3	1	11	1	1	0	11560	28	0	36.0579	0	0
UL	0.0879821	8	7	3	12	1	1	1	0	1052	28	0	26.0546 	0	0
DL	0.0882143	8	8	0	1	11	1	1	0	11560	28	0	36.0613	0	0
UL	0.0882321	8	8	0	12	1	1	1	0	1052	28	0	26.0819 	0	0
DL	0.0884821	8	8	1	1	12	1	1	0	12612	28	0	36.0958	0	0
DL	0.0887321	8	8	2	1	12	1	1	0	12612	28	0	36.0952	0	0
DL	0.0889821	8	8	3	1	12	1	1	0	12612	28	0	36.3052	0	0
DL	0.0892321	8	9	0	1	12	1	1	0	12612	28	0	36.3292	0	0
DL	0.0894643	8	9	1	1	11	1	1	0	11560	28	0	36.3444	0	0
UL	0.0894821	8	9	1	12	1	1	1	0	1052	28	0	26.3407 	0	0
DL	0.0897143	8	9	2	1	11	1	1	0	11560	28	0	36.3441	0	0
UL	0.0897321	8	9	2	12	1	1	1	0	1052	28	0	26.3561 	0	0
DL	0.0899643	8	9	3	1	11	1	1	0	11560	28	0	36.3544	0	0
UL	0.0899821	8	9	3	12	1	1	1	0	1052	28	0	27.5421 	0	0
DL	0.0902321	9	0	0	1	12	1	1	0	12612	28	0	37.5394	0	0
DL	0.0904821	9	0	1	1	12	1	1	0	12612	28	0	37.5455	0	0
DL	0.0907321	9	0	2	1	12	1	1	0	12612	28	0	37.5363	0	0
DL	0.0909821	9	0	3	1	12	1	1	0	12612	28	0	37.5402	0	0
DL	0.0912143	9	1	0	1	11	1	1	0	11560	28	0	37.5371	0	0
UL	0.0912321	9	1	0	12	1	1	1	0	1052	28	0	27.5337 	0	0
DL	0.0914643	9	1	1	1	11	1	1	0	11560	28	0	37.5435	0	0
UL	0.0914821	9	1	1	12	1	1	1	0	1052	28	0	27.5582 	0	0
DL	0.0917143	9	1	2	1	11	1	1	0	11560	28	0	37.5658	0	0
UL	0.0917321	9	1	2	12	1	1	1	0	1052	28	0	27.5531 	0	0
DL	0.0919821	9	1	3	1	12	1	1	0	12612	28	0	37.5527	0	0
DL	0.0922321	9	2	0	1	12	1	1	0	12612	28	0	36.9454	0	0
DL	0.0924821	9	2	1	1	12	1	1	0	12612	28	0	36.946	0	0
DL	0.0927321	9	2	2	1	12	1	1	0	12612	28	0	36.9342	0	0
DL	0.0929643	9	2	3	1	11	1	1	0	11560	28	0	36.9249	0	0
UL	0.0929821	9	2	3	12	1	1	1	0	1052	28	0	27.1041 	0	0
DL	0.0932143	9	3	0	1	11	1	1	0	11560	28	0	35.8643	0	0
UL	0.0932321	9	3	0	12	1	1	1	0	1052	28	0	25.7375 	0	0
DL	0.0934643	9	3	1	1	11	1	1	0	11560	28	0	35.8949	0	0
UL	0.0934821	9	3	1	12	1	1	1	0	1052	28	0	25.9976 	0	4.87701e-07
DL	0.0937321	9	3	2	1	12	1	1	0	12612	28	0	35.8844	0	0
DL	0.0939821	9	3	3	1	12	1	1	0	12612	28	0	35.8785	0	0
DL	0.0942321	9	4	0	1	12	1	1	0	12612	28	0	35.889	0	0
DL	0.0944821	9	4	1	1	12	1	1	0	12612	28	0	36.838	0	0
DL	0.0947143	9	4	2	1	11	1	1	0	11560	28	0	36.8298	0	0
UL	0.0947321	9	4	2	12	1	1	1	0	1052	28	0	26.8265 	0	0
DL	0.0949643	9	4	3	1	11	1	1	0	11560	28	0	36.822	0	0
UL	0.0949821	9	4	3	12	1	1	1	0	1052	28	0	26.8316 	0	0
DL	0.0952143	9	5	0	1	11	1	1	0	11560	28	0	36.8269	0	0
UL	0.0952321	9	5	0	12	1	1	1	0	1052	28	0	26.845 	0	0
DL	0.0954821	9	5	1	1	12	1	1	0	12612	28	0	35.192	0	0
DL	0.0957321	9	5	2	1	12	1	1	0	12612	28	0	35.1995	0	0
DL	0.0959821	9	5	3	1	12	1	1	0	12612	28	0	35.1345	0	0
DL	0.0962321	9	6	0	1	12	1	1	0	12612	28	0	35.0519	0	0
DL	0.0964643	9	6	1	1	11	1	1	0	11560	28	0	36.0361	0	0
UL	0.0964821	9	6	1	12	1	1	1	0	1052	28	0	26.0876 	0	0
DL	0.0967143	9	6	2	1	11	1	1	0	11560	28	0	36.0419	0	0
UL	0.0967321	9	6	2	12	1	1	1	0	1052	28	0	26.0845 	0	0
DL	0.0969643	9	6	3	1	11	1	1	0	11560	28	0	36.0349	0	0
UL	0.0969821	9	6	3	12	1	1	1	0	1052	28	0	26.0842 	0	0
DL	0.0972321	9	7	0	1	12	1	1	0	12612	28	0	36.0518	0	0
DL	0.0974821	9	7	1	1	12	1	1	0	12612	28	0	36.0442	0	0
DL	0.0977321	9	7	2	1	12	1	1	0	12612	28	0	38.1935	0	0
DL	0.0979821	9	7	3	1	12	1	1	0	12612	28	0	38.2043	0	0
DL	0.0982143	9	8	0	1	11	1	1	0	11560	28	0	38.1992	0	0
UL	0.0982321	9	8	0	12	1	1	1	0	1052	28	0	28.1821 	0	0
DL	0.0984643	9	8	1	1	11	1	1	0	11560	28	0	38.1985	0	0
UL	0.0984821	9	8	1	12	1	1	1	0	1052	28	0	28.1958 	0	0
DL	0.0987143	9	8	2	1	11	1	1	0	11560	28	0	35.3756	0	0
UL	0.0987321	9	8	2	12	1	1	1	0	1052	28	0	25.4185 	0	0
DL	0.0989821	9	8	3	1	12	1	1	0	12612	28	0	35.3573	0	0
DL	0.0992321	9	9	0	1	12	1	1	0	12612	28	0	35.3493	0	0
DL	0.0994821	9	9	1	1	12	1	1	0	12612	28	0	35.3853	0	0
DL	0.0997321	9	9	2	1	12	1	1	0	12612	28	0	37.0714	0	0
DL	0.0999643	9	9	3	1	11	1	1	0	11560	28	0	37.0866	0	0
UL	0.0999821	9	9	3	12	1	1	1	0	1052	28	0	27.0595 	0	0
